Old_ND_1	Old_ND_1	FluoOptima	08/20/2013 11:37:08
0.3001	0.3355	0.3193	0.3265	0.3158	0.3282	0.3178	0.3283	0.3341	0.3282	0.3072	0.3117
0.3157	1.3708	0.9005	0.5301	0.3562	0.5457	0.3435	0.3433	0.3594	0.3547	0.3413	0.3089
0.3083	1.022	0.6307	0.3848	0.3847	1.8285	0.4207	0.3122	0.3359	0.3247	0.3173	0.2948
0.3072	0.7375	0.6911	0.5802	0.4152	0.5658	0.4692	0.3443	0.3356	0.3186	0.338	0.2947
0.3042	0.5801	0.5178	0.7111	0.4153	0.3911	0.341	0.3108	0.3426	0.3057	0.3044	0.3194
0.3104	0.4934	0.4602	0.4764	0.4123	0.319	0.3231	0.3112	0.3334	0.3074	0.3043	0.3009
0.3235	0.3589	0.3421	0.3474	0.3474	0.3216	0.3368	0.3153	0.3266	0.3323	0.3071	0.2987
0.3093	0.331	0.321	0.3204	0.3411	0.3311	0.3256	0.3502	0.3337	0.328	0.3124	0.3191

Old_ND_2	Old_ND_2	FluoOptima	08/20/2013 11:46:33
0.2903	0.3385	0.3234	0.326	0.3094	0.3262	0.3201	0.3177	0.3305	0.3276	0.3121	0.3115
0.318	1.1283	0.969	0.7333	0.3516	0.5753	0.343	0.3343	0.3581	0.3455	0.3364	0.3041
0.3048	1.003	0.8273	0.6188	0.4756	0.3082	0.3196	0.312	0.3318	0.3074	0.3081	0.2916
0.2904	0.8409	0.7771	0.5715	1.057	0.283	0.319	0.321	0.3298	0.3091	0.308	0.2929
0.2975	0.6853	0.58	0.525	0.3547	0.2973	0.3347	0.2991	0.3453	0.2953	0.3005	0.2928
0.3076	0.6551	0.4882	0.6672	0.4001	0.3055	0.3144	0.3019	0.3295	0.298	0.2997	0.288
0.3173	0.3794	0.3077	0.3724	0.3243	0.314	0.3232	0.3033	0.3194	0.3266	0.2948	0.2931
0.2979	0.3286	0.319	0.3196	0.3301	0.3336	0.3304	0.3462	0.3315	0.3232	0.315	0.3165

Old_ND_3	Old_ND_3	FluoOptima	08/20/2013 11:55:57
0.2943	0.3323	0.3188	0.3206	0.3149	0.3264	0.316	0.3227	0.3334	0.3268	0.3099	0.3153
0.316	1.0438	0.8216	0.5662	0.3574	0.3364	0.3506	0.3402	0.3656	0.3531	0.3428	0.3055
0.3088	0.8609	0.8919	0.6285	0.3272	0.3162	0.3262	0.3079	0.3382	0.3135	0.3091	0.2936
0.2953	0.8235	0.7171	0.6474	0.3619	0.2962	0.3262	0.3394	0.3406	0.313	0.3325	0.2927
0.2996	0.772	0.7745	0.296	0.3055	0.3041	0.3364	0.3066	0.3454	0.3085	0.3029	0.3164
0.3071	0.314	0.4049	0.4158	0.3954	0.3116	0.3202	0.3106	0.3314	0.3085	0.3053	0.2934
0.3137	0.3171	0.3105	0.3035	0.3252	0.3146	0.3302	0.3071	0.3224	0.3307	0.3039	0.3005
0.3053	0.3347	0.3209	0.3252	0.3485	0.3402	0.3359	0.363	0.3407	0.3316	0.3196	0.3261

Old_ND_4	Old_ND_4	FluoOptima	08/20/2013 12:05:23
0.2872	0.3238	0.31	0.3231	0.3106	0.3194	0.3166	0.3075	0.3156	0.3138	0.3088	0.3125
0.3112	0.7829	0.3325	0.4419	0.3537	0.3322	0.3485	0.3329	0.3587	0.3423	0.3418	0.2995
0.3018	1.15	0.4951	0.307	0.3281	0.3158	0.3279	0.3144	0.3386	0.3145	0.3116	0.2907
0.287	0.7379	0.878	0.3903	0.3236	0.2919	0.3273	0.3314	0.3411	0.3126	0.3331	0.2913
0.2962	0.5583	0.7048	0.5215	0.2922	0.3046	0.3389	0.3022	0.3441	0.3031	0.3017	0.2956
0.3023	0.6591	0.6495	0.59	0.3788	0.3087	0.3173	0.3026	0.3242	0.3047	0.3004	0.2866
0.3101	0.5407	0.518	0.307	0.3573	0.3102	0.3269	0.3019	0.3271	0.3236	0.2983	0.2904
0.2968	0.3246	0.3133	0.317	0.3269	0.3282	0.3208	0.3347	0.3264	0.3231	0.3035	0.3161

Old_ND_5	Old_ND_5	FluoOptima	08/20/2013 12:14:52
0.2858	0.3308	0.3201	0.3198	0.2959	0.3264	0.3102	0.3094	0.3273	0.3232	0.3204	0.3031
0.3168	1.3763	0.5335	0.7836	0.366	0.3326	0.3569	0.3407	0.3682	0.3571	0.3431	0.3049
0.3092	0.5915	0.3311	0.3089	0.3536	0.3173	0.3264	0.3167	0.3395	0.3137	0.3138	0.2942
0.3004	0.5233	0.7932	0.3908	0.326	0.2983	0.3294	0.3314	0.3361	0.3108	0.3134	0.2908
0.298	0.7374	0.7743	0.6056	0.303	0.3027	0.3392	0.301	0.347	0.3021	0.3012	0.3062
0.3044	0.6782	0.3443	0.6094	0.3651	0.3128	0.3256	0.3084	0.3275	0.309	0.3078	0.2887
0.3201	0.3163	0.3212	0.3067	0.3392	0.317	0.3323	0.3057	0.3224	0.3217	0.3024	0.2901
0.3124	0.3305	0.3168	0.3257	0.3421	0.3387	0.3296	0.3593	0.3332	0.3258	0.3096	0.3163

Old_ND_6	Old_ND_6	FluoOptima	08/20/2013 12:24:21
0.2832	0.3246	0.3068	0.3122	0.3056	0.3149	0.3045	0.3024	0.3114	0.3078	0.3052	0.305
0.3102	0.348	0.9669	0.3404	0.3567	0.3319	0.3465	0.3368	0.3634	0.3411	0.3417	0.2968
0.3017	0.3174	0.5199	0.3064	0.3251	0.3111	0.3255	0.3175	0.3394	0.3079	0.3124	0.2895
0.2871	0.3115	0.3132	0.2822	0.3214	0.2893	0.327	0.3279	0.3357	0.3118	0.3265	0.2909
0.2943	0.2885	0.3016	0.2924	0.2897	0.3011	0.3383	0.3006	0.3386	0.3031	0.2991	0.2958
0.3024	0.3048	0.308	0.2953	0.3173	0.3066	0.3167	0.3023	0.3235	0.2996	0.2985	0.2867
0.3077	0.3094	0.3013	0.2998	0.319	0.3086	0.3293	0.3005	0.3234	0.3186	0.3003	0.2891
0.2987	0.3229	0.3113	0.3174	0.3289	0.3282	0.3225	0.3358	0.3283	0.3243	0.3063	0.318

Old_ND_7	Old_ND_7	FluoOptima	08/20/2013 12:33:53
0.2895	0.3289	0.3189	0.3203	0.2913	0.3207	0.3106	0.314	0.3231	0.3208	0.3176	0.3082
0.3185	1.4139	0.7492	0.8119	2.2515	0.363	0.7583	0.3384	0.3698	0.3533	0.337	0.3024
0.3094	0.861	0.9419	1.0198	0.5586	0.9939	0.9736	0.316	0.3411	0.3141	0.3125	0.2938
0.2988	0.749	0.741	0.6037	0.4442	0.4007	0.5935	0.3322	0.3393	0.3119	0.3036	0.2904
0.2977	0.5014	0.5614	0.5253	0.4643	0.3296	0.3479	0.3658	0.3433	0.3021	0.2981	0.3068
0.3045	0.5013	0.4116	0.4022	0.5977	0.3151	0.3308	0.3118	0.3315	0.3074	0.3129	0.2894
0.3199	0.5472	0.3125	0.3147	0.3323	0.3252	0.3334	0.3085	0.3193	0.3204	0.3019	0.2916
0.3087	0.3332	0.3204	0.3295	0.3431	0.3372	0.3287	0.3583	0.3318	0.3171	0.3115	0.3164

Old_ND_8	Old_ND_8	FluoOptima	08/20/2013 12:43:22
0.2805	0.3159	0.3025	0.3078	0.3015	0.3106	0.3057	0.302	0.3067	0.3051	0.3033	0.3044
0.304	1.2462	0.8254	0.6153	0.3477	0.3249	0.3402	0.327	0.3539	0.3428	0.3352	0.292
0.296	0.7532	0.6043	0.526	0.4961	0.3059	0.3207	0.3093	0.3313	0.3084	0.3029	0.2864
0.2825	0.7269	0.7329	0.8666	0.638	0.3828	0.3212	0.3202	0.3283	0.3048	0.3284	0.2851
0.2884	0.7374	0.6265	0.4966	0.9983	0.3625	0.332	0.2963	0.3327	0.2966	0.2934	0.2918
0.2952	0.3967	0.4196	0.4903	0.6172	0.3172	0.3096	0.2964	0.317	0.2977	0.3004	0.2837
0.3023	0.3045	0.2945	0.2937	0.317	0.3025	0.3209	0.2988	0.3218	0.317	0.2949	0.2847
0.2943	0.3143	0.305	0.31	0.3202	0.3192	0.3139	0.3284	0.3185	0.3129	0.2994	0.316

Old_ND_9	Old_ND_9	FluoOptima	08/20/2013 12:52:50
0.2866	0.3222	0.316	0.3127	0.313	0.3183	0.3125	0.3142	0.3206	0.3112	0.3124	0.308
0.3111	1.3796	0.9346	0.8531	0.3886	0.3291	0.3444	0.3341	0.3643	0.3454	0.3402	0.2945
0.3017	0.8704	0.8512	0.4605	0.3487	0.3071	0.3211	0.3168	0.3358	0.313	0.3139	0.2886
0.292	0.9407	0.9231	0.8621	0.3597	0.2884	0.3239	0.3204	0.3369	0.3148	0.3309	0.2903
0.295	0.5678	0.538	0.519	0.5789	0.2984	0.3326	0.3008	0.3371	0.2954	0.2968	0.2967
0.3011	0.6177	0.4261	0.3977	0.6073	0.3038	0.314	0.2994	0.3188	0.3001	0.3011	0.2852
0.3072	0.3087	0.3073	0.303	0.3268	0.3122	0.3285	0.3063	0.3242	0.3164	0.2982	0.288
0.2921	0.3217	0.3102	0.3184	0.3241	0.3222	0.3181	0.3323	0.3227	0.3187	0.3022	0.3132

Old_ND_10	Old_ND_10	FluoOptima	08/20/2013 13:02:20
0.2883	0.3265	0.3105	0.3132	0.2908	0.2881	0.3108	0.3145	0.3204	0.3211	0.3178	0.3123
0.3169	1.4338	1.0742	1.0037	1.1263	1.1138	1.1166	0.3393	0.3658	0.3547	0.3398	0.3041
0.31	0.8028	0.8424	0.9847	0.7182	0.8497	0.8228	0.3122	0.3358	0.3069	0.31	0.2968
0.3028	0.908	0.6535	0.6284	0.4199	0.5034	0.7167	0.6411	0.3391	0.313	0.3193	0.2934
0.3002	0.4797	0.6908	0.5135	0.513	0.3522	0.3994	0.5834	0.3446	0.3042	0.2939	0.3091
0.3043	0.4063	0.613	0.62	0.4076	0.5985	0.6273	0.3103	0.3295	0.3062	0.3022	0.2929
0.32	0.4311	0.4402	0.3231	0.4768	0.3167	0.3336	0.3105	0.3276	0.3254	0.3022	0.2944
0.3072	0.3285	0.3156	0.3243	0.3374	0.3337	0.3298	0.3586	0.3326	0.3265	0.3128	0.3244

Old_ND_11	Old_ND_11	FluoOptima	08/20/2013 13:11:49
0.2873	0.3141	0.3001	0.3102	0.3046	0.3116	0.3098	0.3042	0.3099	0.3061	0.3049	0.3141
0.3123	1.2376	0.8049	1.087	1.128	0.3299	0.3473	0.3346	0.3595	0.3482	0.3405	0.2989
0.3018	1.0663	0.9042	0.8167	0.6725	0.6385	0.9007	0.3164	0.3374	0.308	0.3102	0.2936
0.2567	0.627	0.7129	0.8088	0.6457	0.2928	0.4743	0.3274	0.3336	0.3116	0.3364	0.2943
0.295	0.4857	0.4623	0.5031	0.7339	0.3019	0.3345	0.3029	0.3371	0.3015	0.2978	0.2987
0.3012	0.4017	0.4039	0.4052	0.5682	0.3605	0.3162	0.3028	0.3209	0.3057	0.3057	0.291
0.3086	0.3442	0.3244	0.3209	0.3336	0.3104	0.3303	0.3044	0.3245	0.3181	0.2977	0.2919
0.2974	0.3219	0.3132	0.317	0.3288	0.329	0.3227	0.3399	0.3285	0.3233	0.3103	0.3226

Old_ND_12	Old_ND_12	FluoOptima	08/20/2013 13:21:22
0.2883	0.3326	0.3226	0.3164	0.2993	0.3234	0.3186	0.3357	0.3333	0.3267	0.3245	0.3239
0.3278	1.5355	1.0763	0.3617	0.368	0.3425	0.3669	0.3476	0.3774	0.3682	0.351	0.317
0.3178	1.0244	1.3587	0.9459	0.3539	0.3238	0.3307	0.325	0.3507	0.3236	0.3274	0.3034
0.2559	0.8789	0.6489	0.3043	0.9091	0.3101	0.3425	0.3422	0.3429	0.3183	0.329	0.3019
0.3086	0.566	0.6145	0.5246	0.3113	0.3123	0.3485	0.3163	0.3486	0.3131	0.3098	0.3213
0.2981	0.3954	0.4063	0.5862	0.3409	0.3236	0.3353	0.319	0.3361	0.3164	0.3106	0.305
0.3301	0.3397	0.3308	0.3175	0.3383	0.3251	0.3439	0.3182	0.335	0.3307	0.308	0.3027
0.3147	0.3396	0.3253	0.335	0.3474	0.3437	0.3342	0.3671	0.3388	0.3367	0.3187	0.3319

