Old_D_1	Old_D_1	FluoOptima	08/20/2013 13:52:00
0.2787	0.322	0.3102	0.3125	0.3049	0.3143	0.3109	0.3123	0.3003	0.3138	0.307	0.3107
0.3067	0.9811	0.7094	0.6587	0.4919	1.2222	1.9593	0.3308	0.3536	0.341	0.3354	0.3027
0.2946	0.9447	0.7086	0.5637	0.5639	0.3934	0.4161	0.3109	0.3296	0.3034	0.2999	0.3229
0.28	0.7245	0.7163	0.561	0.5399	0.3654	0.325	0.3218	0.3271	0.3053	0.3272	0.2885
0.2882	0.4616	0.5883	0.6647	0.5042	0.4608	0.3372	0.2981	0.3357	0.2983	0.292	0.2933
0.2946	0.5262	0.4422	0.5186	0.5234	0.5129	0.3133	0.2974	0.3244	0.2969	0.294	0.2869
0.2994	0.3242	0.3249	0.3307	0.3301	0.3078	0.3279	0.3001	0.323	0.3168	0.2967	0.2872
0.2892	0.3132	0.3061	0.309	0.3185	0.3193	0.3141	0.3289	0.3191	0.3182	0.299	0.3121

Old_D_2	Old_D_2	FluoOptima	08/20/2013 14:04:15
0.2893	0.3324	0.3167	0.3151	0.296	0.3243	0.3095	0.3118	0.3268	0.3235	0.3183	0.3131
0.317	1.189	1.0119	0.6808	0.7558	0.3344	0.7858	0.338	0.3669	0.3506	0.3376	0.3104
0.3081	0.7616	0.6583	0.5156	0.5166	0.7788	0.3231	0.3116	0.3395	0.3088	0.3046	0.3001
0.2998	0.7884	0.806	0.6189	0.4208	0.3022	0.3327	0.3277	0.3357	0.3034	0.3166	0.2989
0.2993	0.6029	0.5665	0.5167	0.4191	0.3498	0.3432	0.309	0.3406	0.3008	0.2906	0.3125
0.3043	0.501	0.473	0.4543	0.4251	0.3157	0.3286	0.3124	0.3287	0.3069	0.2976	0.2935
0.3209	0.3549	0.3395	0.3354	0.3478	0.3194	0.3355	0.3095	0.3268	0.3264	0.2935	0.2938
0.3061	0.3302	0.3165	0.3249	0.3394	0.3357	0.3257	0.356	0.3292	0.321	0.3079	0.3196

Old_D_3	Old_D_3	FluoOptima	08/20/2013 14:16:32
0.2916	0.3355	0.3178	0.3255	0.3177	0.324	0.3217	0.3219	0.3258	0.3233	0.3151	0.3192
0.3197	1.3243	0.883	1.2411	0.4677	0.3376	0.354	0.3393	0.3655	0.3449	0.3481	0.3087
0.3112	0.7001	0.6603	0.5355	0.3844	0.3262	0.3376	0.3275	0.3501	0.3227	0.3167	0.3029
0.2978	0.725	0.6986	0.6065	0.3751	0.2985	0.3364	0.3356	0.3481	0.3213	0.3433	0.3032
0.3052	0.6651	0.6085	0.4562	0.3921	0.3099	0.3477	0.3106	0.3491	0.3138	0.3072	0.3084
0.3118	0.4648	0.5008	0.3808	0.402	0.3136	0.325	0.3107	0.3317	0.3112	0.3119	0.2976
0.3182	0.3213	0.3118	0.311	0.3291	0.3172	0.3358	0.3132	0.3341	0.3302	0.3064	0.2973
0.3048	0.3313	0.3205	0.3256	0.3363	0.3363	0.3278	0.3455	0.3337	0.3306	0.311	0.3255

Old_D_4	Old_D_4	FluoOptima	08/20/2013 14:28:50
0.2922	0.3302	0.3191	0.3196	0.3021	0.3241	0.3124	0.3075	0.3251	0.3244	0.3185	0.3108
0.314	0.7258	0.6979	0.4516	0.3729	0.3274	0.3545	0.3405	0.3659	0.3518	0.3354	0.3082
0.3073	1.0042	0.5483	0.4252	0.3612	0.3151	0.3258	0.3139	0.3371	0.3104	0.3133	0.2984
0.2978	0.7634	0.5946	0.4912	0.3657	0.2961	0.3308	0.327	0.3372	0.3086	0.3161	0.2956
0.2986	0.5639	0.5184	0.5386	0.343	0.3026	0.3408	0.3058	0.3455	0.3034	0.2994	0.3126
0.305	0.4532	0.4215	0.4684	0.4036	0.3129	0.3264	0.3111	0.3295	0.3059	0.3081	0.2926
0.319	0.3261	0.5132	0.3531	0.3961	0.3174	0.3362	0.3108	0.3242	0.3197	0.3019	0.2918
0.3065	0.3284	0.3156	0.3276	0.3379	0.3326	0.3254	0.3479	0.3262	0.3219	0.3076	0.3201

Old_D_5	Old_D_5	FluoOptima	08/20/2013 14:41:12
0.2855	0.3322	0.3201	0.3218	0.3069	0.3247	0.3157	0.3162	0.3264	0.326	0.3109	0.2972
0.3147	1.0392	0.596	0.4463	0.3712	0.318	0.3373	0.3266	0.3545	0.3425	0.3344	0.3
0.3012	1.0197	1.0143	0.4699	0.3439	0.3035	0.3189	0.3091	0.3262	0.3045	0.3113	0.2878
0.2882	0.7202	0.6737	0.6307	0.3438	0.2793	0.3171	0.3225	0.3287	0.3075	0.3139	0.287
0.2943	0.5402	0.538	0.7469	0.305	0.2983	0.334	0.3012	0.3437	0.2942	0.2986	0.2946
0.3037	0.4246	0.405	0.6278	0.4024	0.3043	0.3162	0.2999	0.3208	0.2998	0.2968	0.2843
0.3111	0.5417	0.3662	0.3515	0.3258	0.3123	0.3256	0.303	0.318	0.3218	0.297	0.2865
0.2918	0.3223	0.3125	0.3147	0.3238	0.3246	0.3213	0.3383	0.3222	0.3193	0.3014	0.3055

Old_D_6	Old_D_6	FluoOptima	08/20/2013 15:28:39
0.2976	0.3358	0.3233	0.3248	0.319	0.3315	0.3216	0.3303	0.3376	0.3301	0.3149	0.3192
0.3222	0.8156	0.8772	0.6145	0.3596	0.3395	0.3568	0.3513	0.3636	0.3545	0.3446	0.3052
0.3176	0.7688	0.7468	0.5893	0.4235	0.32	0.3314	0.3211	0.3396	0.3215	0.3167	0.2992
0.3021	0.708	0.633	0.5206	0.4338	0.2975	0.3284	0.3476	0.3419	0.3193	0.3399	0.2947
0.3071	0.4365	0.5034	0.52	0.521	0.3118	0.344	0.3109	0.3507	0.3076	0.3041	0.3197
0.3152	0.3759	0.4167	0.4877	0.3401	0.3182	0.3301	0.3131	0.3396	0.3126	0.3085	0.2981
0.3193	0.3213	0.3187	0.3119	0.3324	0.286	0.3379	0.316	0.3365	0.3367	0.3106	0.3011
0.3131	0.3353	0.3285	0.3274	0.3396	0.335	0.3301	0.3544	0.3387	0.3306	0.3229	0.3255

Old_D_7	Old_D_7	FluoOptima	08/20/2013 15:41:01
0.2847	0.3323	0.317	0.3212	0.306	0.3239	0.3153	0.3144	0.3285	0.3256	0.31	0.3019
0.3136	1.3536	1.226	1.106	1.1187	0.4705	1.2167	0.6316	0.3546	0.3436	0.3316	0.3018
0.3004	0.8753	0.7644	1.0739	0.6483	0.5515	0.5168	0.3102	0.3295	0.3032	0.3079	0.2894
0.2885	0.659	0.7543	0.6162	0.825	0.4614	0.4792	0.3228	0.3294	0.3017	0.3146	0.2914
0.2943	0.4849	0.4569	0.4948	0.4684	0.3692	0.3354	0.3007	0.3461	0.2935	0.2983	0.2935
0.3029	0.4438	0.4168	0.4149	0.4113	0.3378	0.3216	0.3021	0.3211	0.298	0.2922	0.2851
0.314	0.3744	0.3393	0.3365	0.3486	0.3102	0.322	0.3014	0.3159	0.3244	0.2988	0.2881
0.294	0.3236	0.3145	0.3175	0.3254	0.3272	0.3244	0.3428	0.3265	0.3243	0.3035	0.314

Old_D_8	Old_D_8	FluoOptima	08/20/2013 15:53:24
0.3015	0.337	0.3225	0.3263	0.3198	0.3299	0.3196	0.3266	0.3355	0.3306	0.3148	0.3184
0.3237	1.2492	1.0716	0.582	0.4153	0.3381	0.3677	0.3432	0.3634	0.3576	0.3453	0.3071
0.3164	0.977	1.0893	0.7275	0.3747	0.3213	0.3276	0.3179	0.3371	0.3203	0.3172	0.2995
0.3023	0.6639	0.6907	0.5979	0.3885	0.2961	0.3254	0.343	0.3376	0.3186	0.3383	0.2967
0.3054	0.5302	0.5555	0.4997	0.3881	0.3074	0.3384	0.3109	0.3499	0.3102	0.3043	0.3212
0.314	0.5019	0.4305	0.415	0.4055	0.3136	0.3244	0.3134	0.3362	0.313	0.3077	0.2956
0.3201	0.3953	0.3422	0.3384	0.3539	0.3211	0.3355	0.3155	0.3276	0.3377	0.313	0.3042
0.3093	0.3339	0.3232	0.3261	0.3374	0.3349	0.328	0.3528	0.3359	0.3305	0.3069	0.325

Old_D_9	Old_D_9	FluoOptima	08/20/2013 16:05:43
0.2946	0.3424	0.3303	0.3286	0.312	0.3332	0.3245	0.3242	0.3364	0.3381	0.3153	0.313
0.3257	1.1632	0.8001	0.5837	0.3883	0.3302	0.3491	0.3392	0.3658	0.3566	0.3423	0.308
0.3115	0.7245	0.7095	0.526	0.3566	0.316	0.3261	0.317	0.3402	0.318	0.3191	0.2977
0.2995	0.6523	0.6296	0.6378	0.3681	0.2887	0.3269	0.3247	0.3402	0.3184	0.3243	0.2991
0.3044	0.4593	0.4765	0.4634	0.3504	0.3064	0.3427	0.3065	0.3581	0.3075	0.3048	0.2993
0.3142	0.413	0.3876	0.3502	0.475	0.3138	0.3256	0.3108	0.3271	0.3064	0.3053	0.2922
0.3224	0.3243	0.3147	0.3126	0.3326	0.3205	0.3374	0.312	0.3289	0.3328	0.3101	0.2972
0.3006	0.3306	0.3225	0.326	0.3327	0.3345	0.3273	0.3484	0.3326	0.3308	0.3106	0.3153

Old_D_10	Old_D_10	FluoOptima	08/20/2013 16:18:04
0.2904	0.3403	0.3263	0.3253	0.3083	0.3418	0.3222	0.3218	0.3384	0.3325	0.3236	0.3088
0.3222	1.3843	1.0729	1.4051	0.8169	1.077	0.9502	0.7088	0.4927	0.3599	0.3445	0.3086
0.318	1.0066	0.8171	0.456	0.6817	0.693	0.8929	0.6925	0.4391	0.3133	0.3182	0.3014
0.306	0.5774	0.8009	0.6022	0.7805	0.6916	0.7365	0.5489	0.4706	0.3145	0.3192	0.2985
0.3061	0.4368	0.4145	0.4613	0.4195	0.3955	0.6816	0.4195	0.4302	0.3023	0.2985	0.3151
0.3136	0.4566	0.3851	0.368	0.4326	0.6046	0.3956	0.3737	0.3586	0.3117	0.3033	0.2951
0.3276	0.3473	0.3316	0.3245	0.3462	0.3259	0.342	0.3168	0.3299	0.3249	0.3077	0.2983
0.3114	0.338	0.3209	0.3301	0.3434	0.3399	0.3296	0.3573	0.3326	0.3272	0.312	0.3189

Old_D_11	Old_D_11	FluoOptima	08/20/2013 16:30:26
0.2852	0.326	0.3144	0.3125	0.3128	0.316	0.3155	0.3143	0.3224	0.3197	0.3116	0.3042
0.3105	1.3512	1.4169	1.4337	1.1992	0.7535	0.345	0.3345	0.3556	0.343	0.3369	0.2952
0.3024	0.9582	0.8543	0.9148	1.0383	0.8308	0.3264	0.3109	0.3324	0.3114	0.3081	0.2888
0.2576	0.6896	0.6103	0.5949	0.6628	0.5345	0.3266	0.3202	0.3294	0.3081	0.3268	0.2901
0.2956	0.5134	0.48	0.5095	0.681	0.4375	0.3427	0.2984	0.3375	0.2981	0.2936	0.2949
0.2997	0.4521	0.3973	0.3804	0.4086	0.3703	0.3177	0.3005	0.3188	0.2995	0.2998	0.2864
0.3056	0.3325	0.3178	0.3144	0.3194	0.3075	0.3257	0.3014	0.3235	0.3183	0.2964	0.286
0.293	0.3177	0.3083	0.3137	0.3228	0.3201	0.3182	0.332	0.3223	0.3183	0.3011	0.3102

Old_D_12	Old_D_12	FluoOptima	08/20/2013 16:42:51
0.2965	0.3388	0.3227	0.3255	0.3062	0.3365	0.3165	0.3225	0.3322	0.3355	0.3227	0.3208
0.3251	0.9524	1.4731	1.5604	1.496	1.4554	1.2844	0.5536	0.4939	0.3632	0.3502	0.3116
0.3166	1.0974	0.8518	1.2647	1.1433	0.9761	1.0166	0.5768	0.4673	0.3156	0.3156	0.3023
0.3123	0.7387	0.7777	0.6727	0.6405	0.7498	0.566	0.5681	0.485	0.3134	0.3226	0.2983
0.3046	0.4994	0.4796	0.523	0.5099	0.6589	0.4579	0.412	0.4271	0.3083	0.3031	0.316
0.3115	0.4303	0.4369	0.4107	0.4432	0.3995	0.3932	0.3617	0.361	0.3144	0.3123	0.2946
0.329	0.3436	0.3344	0.3376	0.3502	0.3253	0.3432	0.3161	0.3298	0.3231	0.3136	0.2997
0.3106	0.334	0.3251	0.3311	0.3443	0.343	0.3298	0.3595	0.3387	0.3349	0.3152	0.325

