Old_ND_1	Old_ND_1	FluoOptima	08/13/2013 13:43:41
0.3072	0.3259	0.3147	0.3192	0.3131	0.3191	0.3139	0.3142	0.3233	0.3165	0.312	0.303
0.318	1.1654	0.8621	0.6181	0.8046	0.354	1.1114	0.3282	0.3448	0.3282	0.3283	0.2943
0.2733	0.8252	0.6595	0.729	0.3677	0.4151	0.6601	0.3064	0.3179	0.3051	0.3048	0.285
0.2995	0.8591	0.7821	0.6162	0.3763	0.4522	0.4333	0.3078	0.3195	0.3014	0.3075	0.2872
0.2984	0.5586	0.5307	0.7388	0.46	0.4597	0.3119	0.2944	0.3089	0.289	0.2891	0.2793
0.3046	0.4937	0.4677	0.4759	0.397	0.3068	0.3096	0.4649	0.3122	0.2921	0.2952	0.2776
0.3085	0.52	0.349	0.3561	0.5444	0.3058	0.3102	0.2989	0.3127	0.3061	0.2906	0.2864
0.3027	0.3184	0.3111	0.3147	0.3187	0.3173	0.3103	0.3147	0.3137	0.3056	0.2944	0.2986

Old_ND_2	Old_ND_2	FluoOptima	08/13/2013 13:53:05
0.3026	0.3201	0.3082	0.3052	0.3034	0.3072	0.3016	0.3023	0.3104	0.3055	0.3009	0.2991
0.3158	1.3198	1.0428	0.6391	0.3469	0.9336	0.3375	0.3262	0.3415	0.327	0.3223	0.2908
0.3042	1.1424	0.7699	0.521	0.3633	0.3065	0.314	0.2951	0.3193	0.2996	0.299	0.2795
0.3005	0.8379	0.8758	0.5731	1.071	0.2981	0.3147	0.3034	0.3179	0.2949	0.2998	0.2799
0.2947	0.6502	0.6279	0.5344	0.3883	0.2939	0.3079	0.2887	0.3082	0.2858	0.285	0.2755
0.3019	0.4677	0.4886	0.4298	0.4153	0.2968	0.3047	0.288	0.3066	0.289	0.2886	0.2749
0.3051	0.3837	0.307	0.3833	0.3135	0.2986	0.3107	0.2935	0.3093	0.2935	0.2877	0.288
0.3016	0.3181	0.309	0.3101	0.3162	0.3135	0.3059	0.31	0.3089	0.3032	0.2882	0.2949

Old_ND_3	Old_ND_3	FluoOptima	08/13/2013 14:02:32
0.3106	0.3258	0.3135	0.3172	0.3163	0.3258	0.3177	0.3161	0.3239	0.3158	0.3069	0.301
0.3245	1.03	0.9179	0.6133	0.3591	0.336	0.3473	0.3301	0.3472	0.3282	0.3268	0.2945
0.3122	0.8923	0.7902	0.5432	0.3295	0.3134	0.3195	0.3035	0.3217	0.3023	0.3045	0.2821
0.3056	0.8863	0.8234	0.8391	0.3957	0.3052	0.3231	0.3092	0.3205	0.3028	0.3078	0.2827
0.3026	0.7723	0.5436	0.2986	0.3096	0.3025	0.3181	0.2932	0.3127	0.2919	0.2915	0.2802
0.3112	0.3127	0.4099	0.3571	0.3341	0.3021	0.3132	0.2966	0.3138	0.2912	0.2924	0.2819
0.3174	0.3155	0.3172	0.3087	0.3259	0.3112	0.3146	0.2986	0.3172	0.3007	0.296	0.2844
0.3118	0.3304	0.3183	0.3203	0.3242	0.3237	0.3152	0.3165	0.3181	0.3076	0.2985	0.3011

Old_ND_4	Old_ND_4	FluoOptima	08/13/2013 14:11:59
0.3096	0.3312	0.3208	0.3238	0.3226	0.3233	0.3161	0.3138	0.3177	0.3145	0.3034	0.2967
0.3177	0.7485	0.5422	0.4109	0.3459	0.3322	0.3403	0.3303	0.3472	0.3319	0.3246	0.2922
0.3071	1.2056	0.4884	0.5726	0.3361	0.3084	0.3177	0.3008	0.3187	0.3049	0.3009	0.2822
0.2997	0.7376	0.9873	0.7148	0.323	0.3016	0.3188	0.3078	0.3193	0.3038	0.3031	0.2821
0.2979	0.8066	0.7373	0.6794	0.3052	0.2997	0.3159	0.2939	0.3094	0.2898	0.2902	0.2778
0.3037	0.4144	0.4098	0.4028	0.3816	0.3009	0.3082	0.293	0.3101	0.293	0.2928	0.2749
0.316	0.3277	0.3307	0.3156	0.3573	0.3055	0.3153	0.2944	0.3099	0.2991	0.2875	0.2789
0.3061	0.322	0.3144	0.3158	0.3225	0.3184	0.3138	0.3162	0.3162	0.309	0.2941	0.2964

Old_ND_5	Old_ND_5	FluoOptima	08/13/2013 14:21:27
0.3065	0.334	0.3233	0.3242	0.32	0.3222	0.3147	0.3137	0.3187	0.3149	0.3036	0.2983
0.3171	1.5831	0.8195	0.9229	0.351	0.3273	0.3383	0.3262	0.3443	0.3312	0.3261	0.2924
0.3085	0.6454	0.6521	0.3117	0.3645	0.3085	0.3156	0.3011	0.3189	0.3028	0.2987	0.2802
0.3005	0.4937	0.6809	0.4431	0.3373	0.2963	0.3152	0.3072	0.3187	0.2994	0.304	0.2794
0.2966	0.4438	0.8019	0.802	0.3146	0.2969	0.3096	0.2883	0.307	0.2893	0.2846	0.2756
0.303	0.5023	0.3438	0.4006	0.365	0.297	0.3054	0.2907	0.3042	0.2894	0.2875	0.2794
0.3092	0.3118	0.5226	0.301	0.325	0.3011	0.3114	0.2934	0.3129	0.299	0.2924	0.2779
0.3057	0.3223	0.3145	0.3141	0.319	0.317	0.3084	0.3147	0.3103	0.3114	0.2932	0.2954

Old_ND_6	Old_ND_6	FluoOptima	08/13/2013 14:30:58
0.2956	0.3231	0.308	0.3134	0.3126	0.3115	0.3047	0.3052	0.3113	0.3034	0.2943	0.2891
0.3061	0.3396	1.226	0.5459	0.3412	0.3217	0.333	0.3195	0.3389	0.3207	0.3161	0.2849
0.2963	0.31	0.4751	0.2995	0.3189	0.3	0.3061	0.2904	0.3094	0.2933	0.292	0.2725
0.2887	0.3079	0.3175	0.2918	0.3116	0.2908	0.308	0.2979	0.3078	0.2871	0.2903	0.2731
0.2879	0.2914	0.2924	0.2842	0.2966	0.2892	0.3052	0.2832	0.2994	0.2747	0.2771	0.2684
0.2923	0.2976	0.2967	0.2893	0.306	0.2913	0.2972	0.2839	0.2962	0.2793	0.2799	0.2733
0.2968	0.3051	0.2988	0.2949	0.3104	0.296	0.3039	0.2861	0.2991	0.2874	0.2827	0.2713
0.2949	0.3127	0.3048	0.3049	0.3109	0.3069	0.3011	0.3028	0.3031	0.2958	0.2844	0.2892

Old_ND_7	Old_ND_7	FluoOptima	08/13/2013 14:40:28
0.2982	0.3249	0.3133	0.3085	0.3167	0.3184	0.3108	0.3168	0.3147	0.3157	0.3097	0.2949
0.3113	1.4092	0.6803	0.9494	0.4206	0.6028	0.6915	0.6772	0.3413	0.3274	0.3267	0.2896
0.3015	0.8046	0.7014	0.5913	0.6128	1.4054	0.3385	0.2985	0.3142	0.2986	0.2937	0.2754
0.2966	0.6885	0.67	0.4344	0.3558	1.1538	0.5132	0.3004	0.313	0.2949	0.2968	0.2762
0.2918	0.4844	0.5077	0.4964	0.4095	0.3158	0.3085	0.365	0.3071	0.2858	0.2814	0.2739
0.2993	0.4393	0.3802	0.4088	0.3683	0.2942	0.5884	0.2914	0.3121	0.2875	0.284	0.2737
0.3059	0.3418	0.307	0.2984	0.3154	0.3066	0.31	0.2928	0.3066	0.297	0.2909	0.2746
0.2994	0.3224	0.3093	0.3107	0.3177	0.3095	0.3037	0.3092	0.3041	0.3043	0.2893	0.2899

Old_ND_8	Old_ND_8	FluoOptima	08/13/2013 14:49:56
0.3036	0.3192	0.3109	0.3124	0.3131	0.3219	0.3129	0.3106	0.3194	0.3128	0.3035	0.2966
0.3142	1.0847	0.549	0.4923	0.3518	0.3299	0.3361	0.3239	0.3383	0.3222	0.3222	0.2885
0.3049	0.8957	0.6774	0.4717	0.5235	0.3047	0.31	0.2995	0.311	0.2933	0.2948	0.2773
0.2958	0.9041	0.8534	0.766	0.5585	0.5081	0.3142	0.3031	0.3125	0.2937	0.3003	0.2773
0.2935	0.7372	0.6122	0.6793	0.542	0.3017	0.3081	0.2886	0.3054	0.2811	0.2834	0.2737
0.3005	0.4123	0.4259	0.6122	0.3852	0.3499	0.3039	0.2919	0.3047	0.2851	0.2836	0.2731
0.3069	0.3071	0.3047	0.2973	0.3148	0.3003	0.3063	0.2912	0.3044	0.2936	0.2827	0.2776
0.2987	0.3163	0.306	0.3086	0.3131	0.3119	0.3044	0.3105	0.3071	0.3035	0.2912	0.2986

Old_ND_9	Old_ND_9	FluoOptima	08/13/2013 14:59:25
0.3157	0.3417	0.3277	0.3307	0.3273	0.3278	0.3221	0.3213	0.3271	0.3227	0.3086	0.3028
0.3247	1.323	0.7151	0.6623	0.3546	0.3368	0.3464	0.3307	0.3513	0.3369	0.3316	0.2969
0.3074	0.7915	0.7856	0.631	0.36	0.3117	0.3226	0.3031	0.3239	0.306	0.3046	0.2844
0.3041	0.7107	0.3197	0.3063	0.3782	0.3041	0.322	0.3082	0.3203	0.3021	0.3061	0.285
0.3035	0.304	0.3056	0.2982	0.3824	0.3022	0.3204	0.2941	0.3127	0.2907	0.2894	0.2819
0.3096	0.3105	0.3131	0.3034	0.3181	0.3064	0.3118	0.2964	0.3136	0.2936	0.2933	0.279
0.3138	0.3152	0.3119	0.3074	0.3239	0.3076	0.3159	0.2976	0.3124	0.3012	0.2957	0.2856
0.3107	0.3293	0.3204	0.3185	0.3266	0.3205	0.3157	0.3178	0.3189	0.3141	0.2988	0.3006

Old_ND_10	Old_ND_10	FluoOptima	08/13/2013 15:08:55
0.304	0.3239	0.3122	0.3116	0.3136	0.2946	0.3114	0.3122	0.3194	0.3136	0.3033	0.2947
0.3149	1.3341	1.6443	1.3763	1.4434	1.0972	1.2074	0.3218	0.3363	0.3223	0.3174	0.2895
0.3036	0.782	0.7448	0.6904	0.8708	0.8621	0.8311	0.2968	0.314	0.2951	0.2941	0.2773
0.2974	0.8395	0.635	0.7565	0.327	0.5158	0.6489	0.4339	0.3112	0.2941	0.2973	0.2768
0.293	0.6551	0.4268	0.3739	0.4468	0.4733	0.4445	0.5587	0.3034	0.2857	0.2814	0.2744
0.2996	0.3568	0.3874	0.5678	0.4033	0.4046	0.3899	0.2876	0.3034	0.2864	0.2832	0.2716
0.3053	0.3177	0.3141	0.3199	0.342	0.3006	0.3038	0.2897	0.3047	0.2921	0.2829	0.2769
0.3005	0.3167	0.3066	0.309	0.3103	0.3103	0.3031	0.3058	0.3055	0.2999	0.2886	0.2919

Old_ND_11	Old_ND_11	FluoOptima	08/13/2013 15:18:25
0.3233	0.3494	0.3329	0.3353	0.331	0.3334	0.326	0.3232	0.3264	0.3235	0.3144	0.3081
0.3272	1.4031	0.6432	0.7985	1.3336	0.339	0.3504	0.3307	0.3508	0.3382	0.3333	0.2998
0.3155	1.1282	0.9876	1.0145	0.82	0.3175	0.5092	0.3057	0.3253	0.3081	0.3051	0.2879
0.256	0.9507	0.7134	0.8397	0.4347	0.3059	0.4064	0.3128	0.3257	0.3022	0.3069	0.287
0.3049	0.4967	0.4499	0.5102	0.8062	0.306	0.3187	0.2952	0.3166	0.2956	0.2903	0.2829
0.3118	0.41	0.3931	0.3828	0.6279	0.4254	0.3119	0.2977	0.3142	0.2961	0.2925	0.2866
0.3177	0.5072	0.3409	0.339	0.336	0.3116	0.3195	0.3	0.3179	0.3088	0.2945	0.2863
0.31	0.3405	0.3218	0.321	0.327	0.3211	0.3153	0.3194	0.3191	0.318	0.2991	0.3007

Old_ND_12	Old_ND_12	FluoOptima	08/13/2013 15:27:57
0.3006	0.3234	0.3138	0.3131	0.3154	0.3171	0.3124	0.3109	0.3172	0.3153	0.3066	0.2966
0.3175	1.3006	0.8692	0.7652	0.3477	0.333	0.3392	0.3241	0.342	0.3245	0.3243	0.2916
0.3024	1.1036	1.0727	0.8707	0.3909	0.3097	0.3124	0.3055	0.3125	0.2934	0.2978	0.2785
0.25	0.6869	0.9233	0.5808	0.8141	0.2976	0.3146	0.3032	0.3143	0.2997	0.2999	0.2823
0.293	0.5824	0.5437	0.5138	0.3028	0.2954	0.3108	0.2882	0.307	0.2847	0.2854	0.2761
0.3002	0.3917	0.3836	0.5596	0.3777	0.2958	0.3039	0.2886	0.3081	0.2904	0.2861	0.2741
0.3065	0.3145	0.3959	0.3013	0.3162	0.3015	0.3068	0.2922	0.3056	0.2941	0.2886	0.2797
0.2989	0.3183	0.3081	0.3074	0.3144	0.3119	0.3061	0.3072	0.3068	0.3021	0.2927	0.2935

