Old_D_1	Old_D_1	FluoOptima	08/13/2013 15:42:05
0.2983	0.3318	0.3143	0.3128	0.3157	0.3193	0.3123	0.3162	0.3196	0.3175	0.3052	0.2953
0.3117	1.0642	1.2951	0.401	0.3739	1.1255	1.0875	0.3284	0.3416	0.3285	0.3257	0.2898
0.3008	0.9729	0.7605	0.5212	0.5205	1.1704	0.3204	0.299	0.3155	0.3012	0.2979	0.2785
0.3001	0.757	0.7135	0.6615	0.3589	0.4508	0.3159	0.3017	0.3233	0.2961	0.3012	0.2796
0.297	0.5139	0.6012	0.6999	0.3479	0.305	0.3097	0.2854	0.3058	0.2859	0.2808	0.2766
0.3023	0.457	0.4551	0.4609	0.3974	0.5574	0.3027	0.29	0.3052	0.2874	0.2891	0.2741
0.3062	0.3316	0.3275	0.3232	0.328	0.3042	0.3115	0.2935	0.3075	0.2941	0.2882	0.2763
0.3013	0.3198	0.3083	0.3103	0.3157	0.3128	0.3074	0.3105	0.306	0.3007	0.2881	0.2879

Old_D_2	Old_D_2	FluoOptima	08/13/2013 15:54:14
0.3074	0.3362	0.3219	0.3244	0.3216	0.3258	0.3179	0.3171	0.3238	0.3183	0.3057	0.3016
0.3179	1.0228	0.9737	0.8146	0.4169	0.3254	1.0438	0.3281	0.3476	0.3324	0.3264	0.2921
0.3099	0.9337	0.8654	0.53	0.3921	1.0736	0.3165	0.3002	0.3185	0.3009	0.2998	0.2797
0.3024	0.7605	0.8244	0.6274	0.5007	0.3001	0.3163	0.3016	0.3159	0.2977	0.3009	0.2796
0.2996	0.6186	0.5675	0.5343	0.3702	0.6762	0.312	0.2908	0.307	0.2855	0.2854	0.2788
0.3057	0.4398	0.4894	0.4698	0.4011	0.3014	0.3069	0.2902	0.3075	0.2883	0.2877	0.274
0.3085	0.3484	0.3257	0.3366	0.3308	0.3025	0.3128	0.293	0.3075	0.2969	0.2953	0.2803
0.3035	0.3235	0.3126	0.3142	0.3209	0.3165	0.3116	0.3166	0.3156	0.3062	0.2939	0.2975

Old_D_3	Old_D_3	FluoOptima	08/13/2013 16:06:25
0.304	0.3352	0.3204	0.3259	0.319	0.3242	0.3128	0.315	0.3227	0.3171	0.3044	0.2969
0.3158	1.2432	0.96	1.0711	0.4575	0.3334	0.3413	0.3262	0.3437	0.3308	0.327	0.2913
0.3087	0.8691	0.6135	0.5396	0.3868	0.3145	0.3142	0.2975	0.321	0.3013	0.2993	0.2808
0.3001	0.7333	0.6765	0.6245	0.3707	0.3015	0.3147	0.3012	0.317	0.2999	0.3027	0.2805
0.2963	0.6456	0.619	0.4538	0.3487	0.2987	0.3099	0.2864	0.3059	0.2842	0.2849	0.2779
0.3019	0.4233	0.4695	0.3688	0.3784	0.2998	0.3076	0.2879	0.3092	0.2896	0.2862	0.2736
0.3055	0.3132	0.307	0.3037	0.3158	0.3047	0.3086	0.2931	0.3089	0.299	0.2951	0.2763
0.2967	0.3227	0.3131	0.3118	0.3163	0.3139	0.3062	0.3111	0.3134	0.3034	0.2939	0.2917

Old_D_4	Old_D_4	FluoOptima	08/13/2013 16:18:36
0.306	0.3398	0.3274	0.33	0.3288	0.3323	0.3243	0.3263	0.33	0.3258	0.3124	0.3142
0.3192	0.758	0.6026	0.4019	0.3596	0.3396	0.347	0.3316	0.3516	0.3384	0.3323	0.3012
0.3108	1.2426	0.5433	0.4	0.371	0.316	0.322	0.3085	0.323	0.3076	0.3046	0.287
0.3068	0.9316	0.6247	0.4227	0.341	0.3096	0.3233	0.3095	0.3222	0.3054	0.3079	0.2875
0.3016	0.4525	0.4853	0.4876	0.3323	0.3061	0.3194	0.3044	0.3143	0.297	0.2924	0.2828
0.3095	0.3873	0.3802	0.4561	0.3982	0.3082	0.314	0.2972	0.3161	0.2987	0.2947	0.2819
0.3144	0.331	0.3238	0.3164	0.3407	0.3106	0.3175	0.299	0.3153	0.3075	0.2993	0.2867
0.3087	0.3277	0.3209	0.3183	0.3255	0.3211	0.3172	0.3207	0.32	0.314	0.3029	0.3023

Old_D_5	Old_D_5	FluoOptima	08/13/2013 16:30:50
0.309	0.3402	0.331	0.328	0.3296	0.3353	0.3244	0.3244	0.3305	0.3231	0.311	0.3068
0.3211	1.295	0.7039	0.6334	0.3806	0.3449	0.3474	0.334	0.3511	0.3389	0.3331	0.2992
0.3098	1.2527	0.9634	0.5278	0.3532	0.3167	0.3219	0.3068	0.324	0.3071	0.3068	0.2874
0.3054	0.5615	0.8838	0.4969	0.4379	0.3101	0.3254	0.3078	0.3219	0.3064	0.307	0.2885
0.3015	0.584	0.5042	0.7576	0.3329	0.3065	0.3187	0.2938	0.3134	0.2946	0.2925	0.2846
0.3092	0.4024	0.6056	0.6708	0.3792	0.3085	0.3129	0.2967	0.3165	0.2974	0.2928	0.2984
0.3144	0.3387	0.3273	0.3176	0.3254	0.3098	0.3168	0.2982	0.3157	0.3068	0.2967	0.2857
0.3087	0.3298	0.3223	0.3177	0.3264	0.3219	0.3153	0.3204	0.321	0.3144	0.3014	0.3003

Old_D_6	Old_D_6	FluoOptima	08/13/2013 16:43:06
0.2985	0.3311	0.32	0.3215	0.3192	0.3253	0.3123	0.3146	0.3219	0.3192	0.3022	0.2962
0.3164	0.6715	0.6888	0.6284	0.3503	0.3366	0.3387	0.3266	0.3453	0.3298	0.3237	0.2934
0.3049	1.0092	0.9244	0.4687	0.3389	0.3094	0.314	0.2966	0.3177	0.2998	0.2989	0.2789
0.2977	0.8068	0.8593	0.6909	0.3591	0.3002	0.3155	0.3007	0.3142	0.2976	0.2988	0.2815
0.294	0.472	0.4584	0.4501	0.3427	0.2988	0.3089	0.2883	0.306	0.2882	0.2809	0.2799
0.3006	0.3515	0.3803	0.3854	0.3176	0.2997	0.3039	0.2875	0.3074	0.2893	0.2872	0.2773
0.3058	0.3112	0.3063	0.3001	0.3156	0.3027	0.3089	0.2919	0.3075	0.2971	0.2886	0.276
0.3005	0.3247	0.3129	0.3108	0.3193	0.3157	0.3091	0.3097	0.3139	0.3036	0.2926	0.2967

Old_D_7	Old_D_7	FluoOptima	08/13/2013 16:55:23
0.3008	0.3293	0.3148	0.3182	0.3172	0.3184	0.3125	0.308	0.3141	0.3098	0.2992	0.2918
0.312	1.2351	0.9273	0.368	0.9864	1.0972	0.3407	0.8913	0.3387	0.3239	0.3189	0.2894
0.3006	0.8172	0.8628	0.8313	0.3906	0.8412	0.313	0.2979	0.3186	0.2969	0.2925	0.2753
0.2949	0.7205	0.7414	0.6364	0.3479	0.6055	0.3129	0.2981	0.3114	0.29	0.2936	0.2751
0.2908	0.4745	0.4815	0.5009	0.386	0.6179	0.3062	0.2841	0.3038	0.2829	0.2783	0.2727
0.2977	0.3822	0.3557	0.4065	0.3591	0.3254	0.3733	0.2873	0.3035	0.2845	0.2805	0.2742
0.3048	0.3319	0.3175	0.3044	0.3195	0.299	0.3048	0.2883	0.3026	0.2926	0.2819	0.2748
0.2964	0.3193	0.3099	0.3095	0.3168	0.3116	0.302	0.306	0.3075	0.2997	0.2865	0.2885

Old_D_8	Old_D_8	FluoOptima	08/13/2013 17:07:41
0.3047	0.3346	0.3213	0.3229	0.3198	0.3224	0.3157	0.3156	0.3198	0.3169	0.305	0.2972
0.3171	1.2926	0.7773	0.6292	0.4206	0.3352	0.4782	0.3276	0.3443	0.3311	0.3276	0.294
0.3034	0.918	0.8631	0.5408	0.3635	0.3089	0.3143	0.2996	0.3208	0.3007	0.2992	0.281
0.3004	0.6904	0.746	0.6446	0.4175	0.3018	0.3151	0.3005	0.3171	0.2963	0.3003	0.2818
0.2937	0.5304	0.571	0.4752	0.3339	0.2985	0.3111	0.2876	0.3075	0.2911	0.2835	0.2781
0.2999	0.4779	0.409	0.3833	0.378	0.2972	0.304	0.289	0.3064	0.2881	0.2873	0.2828
0.3077	0.3324	0.326	0.3218	0.3247	0.3025	0.3101	0.292	0.3092	0.2964	0.2905	0.2844
0.2994	0.3255	0.3139	0.3143	0.3234	0.3193	0.3114	0.3137	0.3155	0.3098	0.2965	0.3026

Old_D_9	Old_D_9	FluoOptima	08/13/2013 17:19:56
0.2937	0.3269	0.3134	0.3198	0.317	0.3248	0.3142	0.3144	0.3191	0.3146	0.3011	0.2981
0.3081	1.1879	0.8075	0.4221	0.3806	0.3311	0.3418	0.3232	0.343	0.3284	0.322	0.2874
0.2991	0.7793	0.8463	0.6435	0.3725	0.3056	0.3138	0.3027	0.315	0.2992	0.2988	0.2788
0.2949	0.7162	0.6655	0.6513	0.3822	0.2991	0.3139	0.3014	0.314	0.2965	0.2985	0.2804
0.2893	0.4518	0.4624	0.4527	0.399	0.2969	0.3098	0.2865	0.3045	0.2872	0.2848	0.277
0.298	0.4127	0.3792	0.3593	0.5095	0.2962	0.3085	0.2875	0.3068	0.2906	0.2852	0.2748
0.3026	0.3065	0.3043	0.2967	0.3147	0.2989	0.3095	0.2911	0.3062	0.2957	0.2863	0.2822
0.2998	0.3165	0.3101	0.3101	0.3149	0.3144	0.3107	0.3125	0.3138	0.3066	0.2931	0.2955

Old_D_10	Old_D_10	FluoOptima	08/13/2013 17:32:11
0.3083	0.3431	0.3268	0.3302	0.3271	0.3297	0.3211	0.3216	0.3261	0.3234	0.3097	0.3041
0.3223	1.3524	1.1494	1.4359	1.3229	1.0595	0.8889	0.3427	0.3527	0.3383	0.3323	0.3002
0.314	0.85	0.9157	0.5728	0.9802	0.7654	0.9377	0.3222	0.8079	0.3075	0.3073	0.2869
0.3082	0.6847	0.6379	0.7239	0.6235	0.5094	0.5123	0.389	0.3293	0.3054	0.3071	0.2872
0.3003	0.4955	0.4688	0.4953	0.5038	0.4483	0.4462	0.352	0.3294	0.2946	0.289	0.2848
0.3113	0.3693	0.3898	0.3516	0.41	0.4186	0.3817	0.3059	0.3182	0.2984	0.2972	0.2823
0.3142	0.3324	0.327	0.3207	0.3433	0.3111	0.3202	0.3006	0.3156	0.3052	0.2999	0.2855
0.3095	0.3363	0.3225	0.3215	0.3295	0.3264	0.3188	0.3221	0.3243	0.3165	0.3019	0.3058

Old_D_11	Old_D_11	FluoOptima	08/13/2013 17:44:30
0.3071	0.3354	0.3232	0.3249	0.3206	0.3258	0.3194	0.3197	0.3218	0.3215	0.3101	0.3009
0.3167	1.22	1.2031	0.758	0.6468	0.3511	0.3396	0.3308	0.3449	0.331	0.3269	0.2939
0.3051	0.8579	0.908	0.8637	0.513	0.3089	0.314	0.302	0.3179	0.2993	0.3001	0.2798
0.301	0.7345	0.6985	0.6017	0.5841	0.3088	0.3161	0.3014	0.3144	0.2965	0.2997	0.2821
0.2957	0.4573	0.4773	0.4985	0.4934	0.2984	0.3084	0.2892	0.3067	0.2876	0.283	0.2758
0.3019	0.4115	0.3821	0.381	0.4048	0.2964	0.3029	0.2892	0.304	0.2884	0.2862	0.281
0.3098	0.3411	0.3309	0.322	0.3355	0.3018	0.3094	0.2933	0.3085	0.2954	0.2888	0.281
0.3036	0.3238	0.3133	0.3153	0.3209	0.3152	0.3063	0.3138	0.3118	0.3057	0.2916	0.2934

Old_D_12	Old_D_12	FluoOptima	08/13/2013 17:56:48
0.3099	0.341	0.3264	0.3276	0.3267	0.3315	0.3229	0.3225	0.3251	0.3226	0.3103	0.3056
0.3192	0.8429	1.3162	0.5549	0.9385	0.406	0.345	0.3341	0.3513	0.3371	0.3291	0.295
0.3098	1.2452	0.5356	1.0836	0.8949	0.3604	0.3209	0.3066	0.3242	0.3083	0.302	0.2839
0.3078	0.7084	0.6907	0.6605	0.4655	0.3648	0.3577	0.3862	0.324	0.3029	0.3053	0.2852
0.3017	0.4965	0.7091	0.7059	0.4355	0.3852	0.3145	0.3108	0.313	0.2951	0.2859	0.2823
0.3093	0.3862	0.4394	0.3763	0.4236	0.3505	0.3523	0.3017	0.3179	0.2959	0.2938	0.2834
0.314	0.3285	0.333	0.3139	0.3319	0.3101	0.322	0.3021	0.3162	0.3051	0.2949	0.2818
0.3122	0.3343	0.3175	0.3195	0.3235	0.3209	0.3151	0.3222	0.32	0.3121	0.2972	0.2991

