Old_D_1	Old_D_1	FluoOptima	08/29/2013 14:24:50
0.32	0.3483	0.3355	0.3363	0.3329	0.3405	0.3322	0.3283	0.3326	0.3295	0.3188	0.3171
0.3305	0.8832	0.5747	0.6203	1.1755	0.4476	0.8373	0.5119	0.4027	0.4451	0.3592	0.3082
0.3204	1.0014	0.8381	0.4894	0.5658	0.407	0.6194	0.3721	0.472	0.3223	0.3127	0.2939
0.3154	0.6612	0.7021	0.6786	0.5264	0.3665	0.7969	0.3927	0.5034	0.4158	0.3087	0.2938
0.3094	0.5082	0.6009	0.5715	0.4111	0.3376	0.6272	0.5451	0.5527	0.4335	0.298	0.2909
0.3185	0.4188	0.4093	0.3704	0.5301	0.3605	0.3283	0.3692	0.3695	0.3525	0.2964	0.2936
0.3237	0.3394	0.3308	0.3679	0.447	0.4117	0.32	0.2757	0.3075	0.2869	0.2756	0.2911
0.3178	0.3392	0.3275	0.3255	0.3326	0.3304	0.3223	0.3251	0.3247	0.3209	0.3058	0.3077

Old_D_2	Old_D_2	FluoOptima	08/29/2013 14:37:06
0.308	0.3391	0.3232	0.3264	0.3207	0.3274	0.3177	0.3178	0.3192	0.3172	0.3051	0.3029
0.3202	1.066	1.2099	0.9096	0.4164	0.3757	0.3624	0.3505	0.3676	0.3535	0.3514	0.2967
0.3069	1.1086	0.7016	0.9041	0.3752	0.4497	0.3254	0.3107	0.3169	0.3038	0.3029	0.2839
0.3063	0.7453	0.7902	0.6965	0.7562	0.4014	0.2833	0.2846	0.3024	0.2955	0.2682	0.2842
0.3001	0.5048	0.4875	0.4862	0.4882	0.3728	0.351	0.2615	0.2614	0.2584	0.2529	0.2798
0.3054	0.4027	0.3953	0.387	0.4068	0.5051	0.3485	0.2687	0.2797	0.255	0.264	0.2835
0.3123	0.3295	0.3152	0.3166	0.3256	0.2981	0.2575	0.2599	0.2855	0.2759	0.2347	0.2819
0.3095	0.3286	0.3162	0.3175	0.3218	0.3187	0.3135	0.3166	0.3157	0.3114	0.2975	0.3

Old_D_3	Old_D_3	FluoOptima	08/29/2013 14:49:24
0.2975	0.3008	0.3117	0.3013	0.3072	0.3132	0.305	0.3071	0.3142	0.3125	0.297	0.2988
0.316	1.2067	0.8471	0.6784	0.671	0.3746	0.3706	0.3552	0.3706	0.3539	0.3453	0.2919
0.3045	1.1847	0.8823	0.6261	0.6738	0.5048	0.3298	0.3115	0.3224	0.3085	0.3006	0.2812
0.2988	0.9373	0.8897	0.7496	0.7277	0.4763	0.3119	0.3076	0.3187	0.2957	0.2962	0.2813
0.294	0.6267	0.5957	0.5625	0.5206	0.4531	0.2828	0.2819	0.3045	0.2782	0.2582	0.2764
0.3022	0.4752	0.4701	0.4532	0.4576	0.4023	0.31	0.2599	0.2943	0.2765	0.2741	0.2759
0.3059	0.3374	0.3262	0.3193	0.3321	0.2986	0.2905	0.2639	0.2827	0.2721	0.2656	0.2789
0.3046	0.3222	0.3111	0.3124	0.3165	0.316	0.3068	0.3119	0.3136	0.3061	0.2959	0.2961

Old_D_4	Old_D_4	FluoOptima	08/29/2013 15:01:42
0.2987	0.311	0.3085	0.3056	0.3091	0.3144	0.3069	0.3095	0.3164	0.3113	0.301	0.3013
0.3127	0.9561	0.5214	0.4599	0.4122	0.3597	0.3669	0.3522	0.3657	0.3501	0.3445	0.2926
0.3019	0.909	0.586	0.4715	0.3836	0.3164	0.3226	0.3124	0.3235	0.3074	0.3056	0.2801
0.2972	0.7374	0.6211	0.6949	0.3847	0.2968	0.2986	0.3072	0.3197	0.2841	0.3032	0.2813
0.2964	0.5188	0.5057	0.6915	0.483	0.3016	0.3072	0.2881	0.3035	0.2775	0.2828	0.276
0.2999	0.3976	0.41	0.3938	0.4226	0.3159	0.2948	0.2749	0.3069	0.2875	0.2758	0.2734
0.3052	0.3221	0.317	0.3024	0.3176	0.3003	0.288	0.2788	0.2944	0.2772	0.259	0.2801
0.3036	0.3197	0.3108	0.3111	0.3179	0.316	0.3176	0.314	0.3113	0.308	0.2917	0.2958

Old_D_5	Old_D_5	FluoOptima	08/29/2013 15:14:04
0.3054	0.3276	0.3136	0.3181	0.3132	0.308	0.3029	0.3083	0.3169	0.3148	0.308	0.3057
0.3156	0.583	0.4844	0.4312	0.3982	0.3615	0.3661	0.3523	0.3699	0.3512	0.3507	0.2925
0.3049	1.0959	0.5795	0.4128	0.3576	0.3209	0.3241	0.3127	0.3272	0.3124	0.3078	0.2817
0.3007	0.843	0.8256	0.8793	0.3575	0.3087	0.3203	0.3075	0.3204	0.3044	0.3076	0.2832
0.2972	0.6794	0.6075	0.482	0.3981	0.3038	0.3125	0.2945	0.3128	0.2941	0.2837	0.2795
0.3034	0.4122	0.3918	0.5952	0.4578	0.3036	0.307	0.2908	0.3093	0.2946	0.283	0.2758
0.3093	0.3213	0.3139	0.3094	0.324	0.3068	0.3081	0.2881	0.3028	0.2962	0.2669	0.2792
0.306	0.3225	0.3116	0.3125	0.3195	0.3187	0.3089	0.3116	0.311	0.3066	0.2912	0.2963

Old_D_6	Old_D_6	FluoOptima	08/29/2013 15:26:26
0.318	0.3467	0.3347	0.3357	0.3329	0.3345	0.3293	0.322	0.3292	0.3248	0.3111	0.311
0.3299	0.7979	0.6474	0.446	0.4491	0.3705	0.38	0.3643	0.3728	0.3696	0.3647	0.3006
0.317	0.9754	0.7428	0.4558	0.3748	0.3297	0.3356	0.3199	0.3399	0.3186	0.3178	0.29
0.3129	0.7328	0.6347	0.456	0.3686	0.3121	0.3298	0.319	0.3335	0.3151	0.3172	0.289
0.3075	0.7067	0.5059	0.6925	0.4508	0.312	0.3226	0.3007	0.3215	0.3026	0.2928	0.2849
0.3141	0.4243	0.6123	0.6007	0.6636	0.3095	0.318	0.3024	0.3202	0.3003	0.2941	0.2892
0.3211	0.3321	0.3262	0.3253	0.3356	0.3136	0.3241	0.2939	0.3191	0.305	0.2895	0.2861
0.316	0.3393	0.3264	0.3264	0.3324	0.3276	0.3189	0.3246	0.3215	0.3166	0.3001	0.3046

Old_D_7	Old_D_7	FluoOptima	08/29/2013 15:38:49
0.3151	0.3423	0.3245	0.3281	0.3231	0.3277	0.3175	0.3208	0.3256	0.3204	0.3113	0.3046
0.3256	1.5196	1.2956	1.0829	1.2191	1.0222	0.9187	0.8106	0.728	0.3675	0.3615	0.3
0.3136	0.8529	0.8885	1.1765	0.7771	1.142	0.7153	0.5585	0.6087	0.3165	0.3119	0.288
0.306	0.6705	0.6622	0.8519	0.8849	0.3785	0.5344	0.4812	0.4794	0.3113	0.3147	0.2892
0.3041	0.4857	0.487	0.487	0.481	0.4646	0.4183	0.3565	0.321	0.2955	0.2883	0.2845
0.3087	0.3876	0.388	0.3922	0.4307	0.3766	0.3528	0.3188	0.3193	0.2996	0.2987	0.2827
0.3145	0.3303	0.3222	0.3218	0.4268	0.3207	0.3048	0.2929	0.2942	0.2966	0.2971	0.2839
0.3106	0.3308	0.3231	0.3237	0.3299	0.3269	0.3222	0.3295	0.3263	0.3134	0.3035	0.3

Old_D_8	Old_D_8	FluoOptima	08/29/2013 15:51:12
0.3038	0.3311	0.3169	0.3186	0.3164	0.32	0.3111	0.3125	0.318	0.3142	0.2998	0.3047
0.3147	1.3214	1.2374	1.3196	1.1305	1.252	1.4612	1.0195	0.9701	0.3575	0.3491	0.2902
0.3033	1.0599	1.017	1.0526	0.9436	0.8548	0.8567	1.0356	0.8374	0.303	0.3055	0.2793
0.2956	0.6905	0.7256	0.6347	0.9257	0.5755	0.5628	0.5923	0.4564	0.2788	0.2994	0.2787
0.2926	0.4978	0.4894	0.4502	0.4207	0.425	0.4544	0.385	0.3599	0.2836	0.2754	0.2762
0.2978	0.4059	0.4091	0.3814	0.3878	0.3673	0.384	0.3296	0.295	0.2725	0.2592	0.2716
0.3035	0.3285	0.3074	0.3058	0.322	0.3026	0.2779	0.2703	0.2602	0.2387	0.2621	0.2751
0.3026	0.3247	0.3162	0.3183	0.3215	0.3224	0.3184	0.3209	0.3199	0.3072	0.2937	0.2944

Old_D_9	Old_D_9	FluoOptima	08/29/2013 16:03:32
0.3021	0.3138	0.3072	0.3122	0.3108	0.3199	0.3141	0.312	0.321	0.3167	0.308	0.3028
0.3153	1.138	1.0229	0.7782	0.6119	0.4709	0.3668	0.3526	0.367	0.3492	0.351	0.2921
0.3028	0.9411	0.8406	0.7603	0.6891	0.3709	0.3239	0.3095	0.3202	0.3094	0.3037	0.2802
0.2985	0.6888	0.6955	0.6662	0.6125	0.416	0.3146	0.3042	0.3174	0.3003	0.299	0.2807
0.2949	0.5193	0.4964	0.4606	0.4838	0.4137	0.2938	0.292	0.2996	0.2908	0.2684	0.2774
0.3023	0.4216	0.423	0.3588	0.4063	0.369	0.3105	0.2909	0.2913	0.2805	0.2804	0.2741
0.3075	0.3317	0.3195	0.3051	0.317	0.3043	0.2804	0.2772	0.305	0.2774	0.2706	0.2778
0.3042	0.3217	0.3132	0.3131	0.3172	0.3176	0.3117	0.3144	0.3142	0.3068	0.2941	0.2967

Old_D_10	Old_D_10	FluoOptima	08/29/2013 16:15:55
0.2957	0.3177	0.3081	0.2754	0.2747	0.3102	0.2794	0.2796	0.3086	0.3088	0.2988	0.3007
0.3129	1.0943	1.3653	1.1122	1.0295	1.2316	0.973	1.0149	0.7796	0.3873	0.3486	0.2904
0.3031	0.9719	0.9866	0.86	0.9054	0.6962	0.6235	0.8698	0.7174	0.4211	0.3043	0.2774
0.2961	0.6542	0.4887	0.4794	0.6197	0.5278	0.4476	0.5772	0.6246	0.5469	0.3009	0.2794
0.2931	0.3407	0.3565	0.3888	0.463	0.374	0.3776	0.6216	0.4338	0.422	0.284	0.2742
0.3007	0.3638	0.3467	0.3421	0.3858	0.3517	0.3487	0.3531	0.3612	0.3318	0.2801	0.2752
0.3055	0.3161	0.3139	0.3052	0.3216	0.3037	0.3095	0.2918	0.3058	0.2844	0.282	0.2771
0.3051	0.3202	0.3114	0.3124	0.3153	0.314	0.308	0.3153	0.3093	0.3043	0.2903	0.2944

Old_D_11	Old_D_11	FluoOptima	08/29/2013 16:28:20
0.3061	0.3276	0.3111	0.3179	0.3175	0.3218	0.3153	0.3148	0.3236	0.3168	0.3048	0.2999
0.3168	1.5272	1.1127	1.1721	1.1074	1.2003	1.1896	1.1445	0.9646	0.5997	0.3472	0.2912
0.3064	0.9822	0.6861	0.7757	0.9876	0.6896	0.7221	0.6418	0.7372	0.599	0.3079	0.2793
0.2953	0.614	0.6147	0.6298	0.5357	0.5441	0.4592	0.4779	0.5184	0.4928	0.3047	0.2779
0.2974	0.4562	0.4933	0.532	0.4608	0.3589	0.3898	0.3746	0.4101	0.3575	0.2838	0.276
0.3029	0.3981	0.411	0.3977	0.4287	0.3497	0.34	0.3425	0.3501	0.2961	0.2777	0.2747
0.3098	0.3344	0.318	0.31	0.3224	0.3043	0.3134	0.2895	0.2976	0.2847	0.2714	0.2772
0.306	0.3231	0.3116	0.315	0.3208	0.3184	0.3153	0.3169	0.3192	0.3062	0.2952	0.2947

Old_D_12	Old_D_12	FluoOptima	08/29/2013 16:40:47
0.3079	0.3367	0.3228	0.3221	0.3208	0.3232	0.3115	0.3175	0.3198	0.3161	0.3068	0.3022
0.3179	0.956	0.8298	0.5998	0.8347	0.3331	0.467	0.3567	0.3596	0.3579	0.3536	0.2963
0.3065	0.8696	1.0768	0.4754	0.4573	0.6773	0.3267	0.3117	0.331	0.311	0.3135	0.2844
0.3027	0.682	0.9032	0.8959	0.5147	0.5621	0.3101	0.3121	0.3211	0.3089	0.3035	0.2829
0.2987	0.4921	0.4787	0.5023	0.6479	0.7821	0.4185	0.2915	0.3108	0.2944	0.2863	0.2782
0.3018	0.4315	0.3997	0.5495	0.4231	0.4218	0.4113	0.2954	0.3139	0.2934	0.2858	0.2804
0.3093	0.3364	0.3188	0.3109	0.3273	0.3116	0.3083	0.2968	0.3091	0.2995	0.2831	0.2807
0.3052	0.3276	0.3161	0.3179	0.3214	0.3193	0.312	0.3175	0.3129	0.3118	0.2951	0.2976

