Old_1	Old_1	FluoOptima	10/14/2013 12:47:13
0.3138	0.3445	0.3298	0.3281	0.3293	0.3345	0.3299	0.3265	0.3389	0.3392	0.3293	0.3258
0.3264	0.6285	0.4328	0.3262	0.3825	0.396	0.3336	0.332	0.3489	0.3373	0.3305	0.3149
0.3129	0.3633	0.3521	0.4694	0.325	0.3122	0.3286	0.89	0.3327	0.3162	0.3161	0.304
0.3132	0.3613	0.3706	0.3998	0.5806	0.4364	0.326	0.3183	0.3328	0.3172	0.3209	0.3064
0.3117	0.3317	0.3334	0.322	0.3268	0.3103	0.3253	0.3239	0.3334	0.3154	0.3105	0.3091
0.3178	0.3338	0.3354	0.3187	0.3381	0.3584	0.3334	0.3181	0.3336	0.3213	0.3142	0.3062
0.3229	0.3305	0.3276	0.3203	0.3392	0.33	0.3404	0.3223	0.3413	0.3264	0.3163	0.3103
0.316	0.344	0.337	0.3429	0.3536	0.3497	0.3524	0.351	0.3491	0.3434	0.3306	0.3248

Old_2	Old_2	FluoOptima	10/14/2013 12:56:37
0.3171	0.3427	0.3278	0.3274	0.3259	0.3301	0.3272	0.3281	0.3331	0.3338	0.3259	0.3265
0.3274	0.385	0.399	0.3279	0.3378	0.3275	0.3357	0.3253	0.3477	0.3303	0.3313	0.3205
0.3135	0.3751	0.3683	0.3532	0.3251	0.3137	0.3265	0.3151	0.3326	0.3131	0.3138	0.3108
0.3116	0.3567	0.378	0.3323	0.339	0.31	0.3235	0.3204	0.3325	0.3193	0.3183	0.3113
0.3079	0.3348	0.3349	0.3264	0.3295	0.3113	0.3202	0.3086	0.3334	0.3127	0.3104	0.3088
0.3125	0.3325	0.3314	0.3216	0.334	0.3188	0.3293	0.3167	0.3356	0.3177	0.3157	0.3104
0.3221	0.326	0.3241	0.317	0.3336	0.3278	0.3294	0.3189	0.3385	0.3253	0.3141	0.3117
0.3234	0.3445	0.345	0.3474	0.3571	0.3568	0.3558	0.3577	0.3602	0.3471	0.334	0.3271

Old_3	Old_3	FluoOptima	10/14/2013 13:06:05
0.3178	0.3333	0.3274	0.3243	0.3222	0.3315	0.3266	0.3237	0.3302	0.3328	0.3258	0.3267
0.3203	0.4191	0.372	0.3276	0.3416	0.3278	0.3372	0.3244	0.3451	0.3303	0.3348	0.3204
0.3092	0.357	0.3642	0.3277	0.3224	0.3136	0.3232	0.3116	0.329	0.3101	0.3139	0.3099
0.3084	0.3478	0.3465	0.3372	0.3302	0.311	0.3275	0.3178	0.3354	0.3205	0.322	0.3103
0.3072	0.3435	0.3357	0.323	0.3301	0.3115	0.323	0.3083	0.3355	0.3093	0.3099	0.3108
0.3104	0.3262	0.3291	0.3219	0.3388	0.3204	0.3292	0.3151	0.3303	0.317	0.3141	0.3095
0.3163	0.3267	0.322	0.3164	0.3358	0.3288	0.3341	0.3193	0.3364	0.3198	0.314	0.3101
0.3203	0.3469	0.3451	0.3516	0.3633	0.3642	0.3602	0.3651	0.3644	0.3513	0.3385	0.326

Old_4	Old_4	FluoOptima	10/14/2013 13:15:32
0.3187	0.3383	0.3229	0.3226	0.3248	0.3309	0.3258	0.3212	0.3321	0.3277	0.3234	0.3262
0.3225	0.3862	0.3466	0.323	0.3381	0.3219	0.3323	0.3264	0.3497	0.3311	0.3292	0.3211
0.3075	0.362	0.3314	0.3237	0.3249	0.3108	0.3176	0.3077	0.3258	0.314	0.3128	0.307
0.3049	0.3649	0.3385	0.3316	0.3274	0.3107	0.3249	0.3159	0.3323	0.3172	0.3216	0.311
0.3051	0.3282	0.3323	0.3194	0.3152	0.3266	0.3208	0.3078	0.3287	0.3089	0.3094	0.3106
0.314	0.3362	0.3314	0.3194	0.3388	0.3205	0.3271	0.3197	0.3355	0.3176	0.3161	0.3071
0.3198	0.329	0.3226	0.3168	0.3359	0.3277	0.3346	0.3194	0.3398	0.3297	0.3175	0.3097
0.318	0.3505	0.3441	0.3537	0.3665	0.363	0.3635	0.3655	0.3653	0.351	0.3358	0.3261

Old_5	Old_5	FluoOptima	10/14/2013 13:25:03
0.3153	0.3299	0.3147	0.3107	0.3069	0.319	0.318	0.3089	0.3178	0.3281	0.3231	0.3317
0.3222	0.3606	0.3588	0.3283	0.3393	0.3242	0.3316	0.3257	0.346	0.3367	0.3354	0.3227
0.3074	0.3461	0.376	0.3195	0.3202	0.3136	0.3206	0.3069	0.3295	0.3151	0.3167	0.3076
0.3062	0.3293	0.3524	0.3021	0.3285	0.3069	0.3263	0.3244	0.3407	0.3217	0.3285	0.3084
0.3033	0.3141	0.3244	0.3188	0.3239	0.3088	0.3248	0.3073	0.3296	0.309	0.3146	0.3071
0.3116	0.3284	0.3291	0.3138	0.335	0.3205	0.3296	0.3159	0.3352	0.3199	0.3227	0.3059
0.3199	0.3236	0.3256	0.3153	0.3396	0.3276	0.3403	0.3194	0.3425	0.3268	0.3223	0.3072
0.318	0.346	0.3419	0.3467	0.3599	0.3539	0.3545	0.3612	0.3606	0.3493	0.3312	0.3256

Old_6	Old_6	FluoOptima	10/14/2013 13:34:32
0.3107	0.3325	0.3222	0.3163	0.3151	0.3577	0.3246	0.3181	0.3288	0.33	0.3201	0.3201
0.321	0.3351	0.3256	0.3424	0.3381	0.3218	0.3311	0.3187	0.3385	0.3298	0.3274	0.312
0.3059	0.3931	0.3152	0.3058	0.3213	0.3131	0.3171	0.3105	0.3276	0.309	0.3113	0.3032
0.3046	0.3895	0.3723	0.3024	0.3306	0.3071	0.3197	0.3148	0.3284	0.3131	0.3177	0.2998
0.3023	0.3318	0.3163	0.3168	0.3105	0.3069	0.3172	0.3047	0.3283	0.3117	0.3078	0.2988
0.3058	0.3186	0.3134	0.3079	0.3242	0.3146	0.3233	0.3142	0.327	0.3139	0.3126	0.2984
0.3125	0.3202	0.3171	0.3108	0.3304	0.323	0.3281	0.3175	0.332	0.3204	0.3111	0.2982
0.3152	0.3381	0.3414	0.3411	0.3537	0.3492	0.3469	0.3559	0.3579	0.3445	0.3243	0.3173

Old_7	Old_7	FluoOptima	10/14/2013 13:44:02
0.3078	0.3415	0.3122	0.3057	0.3028	0.3213	0.3173	0.3169	0.3178	0.325	0.3197	0.3189
0.3194	0.3994	1.3458	0.3605	0.3768	0.6507	0.3338	0.3242	0.3438	0.3266	0.3333	0.31
0.3096	0.3499	0.5274	0.3619	0.4173	0.3104	0.3187	0.3074	0.3274	0.3064	0.312	0.3013
0.3061	0.3529	0.3523	0.3253	0.369	0.3105	0.4253	0.3143	0.339	0.3225	0.3199	0.3012
0.302	0.3202	0.3258	0.3126	0.3116	0.3056	0.3138	0.3035	0.3212	0.3077	0.3088	0.2976
0.3106	0.336	0.3285	0.3124	0.3275	0.3135	0.3206	0.3098	0.324	0.3112	0.3107	0.2978
0.3166	0.3196	0.3187	0.3121	0.3294	0.3216	0.3256	0.3106	0.3274	0.3163	0.3103	0.2988
0.312	0.3361	0.3281	0.335	0.3408	0.338	0.3359	0.3498	0.3462	0.3329	0.3213	0.3145

Old_8	Old_8	FluoOptima	10/14/2013 13:53:32
0.3166	0.3465	0.3331	0.3312	0.3309	0.3428	0.3341	0.3397	0.3501	0.3534	0.3361	0.3271
0.3265	0.5246	0.3784	0.4901	0.3461	0.7388	0.3373	0.331	0.3502	0.3384	0.339	0.3203
0.3133	0.3651	0.3838	0.898	0.3951	1.1628	0.3217	0.3143	0.3318	0.3181	0.3214	0.3074
0.3096	0.358	0.3598	0.3226	0.3643	0.4222	0.4724	0.3213	0.3362	0.3207	0.327	0.3068
0.3054	0.583	0.334	0.6939	0.3192	0.5569	0.4437	0.3104	0.3322	0.3106	0.3149	0.3066
0.314	0.3289	0.3332	0.3163	0.3172	0.4356	0.3232	0.3151	0.3334	0.3173	0.3191	0.3036
0.3212	0.3246	0.3209	0.3174	0.3338	0.3255	0.3396	0.3191	0.3419	0.3264	0.3224	0.3079
0.3144	0.3392	0.3282	0.337	0.3499	0.3443	0.3409	0.3481	0.3504	0.3344	0.3205	0.3255

Old_9	Old_9	FluoOptima	10/14/2013 14:02:58
0.3088	0.3355	0.3252	0.3215	0.3215	0.3304	0.3284	0.3332	0.3366	0.3379	0.3267	0.323
0.3208	0.3807	0.3668	0.32	0.3332	0.3265	0.3354	0.3231	0.3399	0.3287	0.33	0.3117
0.3057	0.3508	0.3653	0.352	0.3331	0.3095	0.315	0.3069	0.3258	0.312	0.3116	0.2996
0.3054	0.3408	0.3402	0.3264	0.3228	0.4023	0.3207	0.3147	0.3304	0.3123	0.3181	0.3026
0.2986	0.3047	0.3244	0.3126	0.326	0.3064	0.3165	0.3035	0.3223	0.3062	0.3058	0.2971
0.3085	0.3164	0.3205	0.3121	0.3278	0.3137	0.3222	0.3102	0.3236	0.312	0.3124	0.2965
0.3148	0.3218	0.3206	0.3107	0.3297	0.323	0.3305	0.3147	0.3322	0.3176	0.3125	0.2982
0.3159	0.3346	0.3246	0.3332	0.3421	0.3424	0.3387	0.3444	0.3381	0.3286	0.3165	0.3167

Old_10	Old_10	FluoOptima	10/14/2013 14:12:26
0.31	0.3399	0.3271	0.3207	0.314	0.3265	0.3265	0.3258	0.3346	0.3367	0.3274	0.3217
0.3222	0.3998	0.5296	0.3211	0.4305	0.3985	0.3323	0.3245	0.3438	0.3283	0.3297	0.3132
0.3088	0.3657	0.3488	1.0107	0.325	0.6616	0.3168	0.3081	0.3264	0.315	0.3169	0.2984
0.3066	0.3446	0.3417	0.4706	0.3808	0.549	0.4287	0.317	0.3333	0.3124	0.3214	0.299
0.3015	0.3322	0.3141	0.3086	0.4126	0.5496	0.3169	0.3068	0.3247	0.3076	0.3068	0.3001
0.3093	0.3308	0.3303	0.3106	0.3348	0.539	0.6163	0.3132	0.3281	0.3182	0.3115	0.2963
0.313	0.3242	0.3193	0.3141	0.3323	0.321	0.3322	0.3175	0.3344	0.3238	0.3147	0.299
0.3206	0.3399	0.3269	0.3352	0.3454	0.3465	0.3409	0.3517	0.3459	0.3311	0.3214	0.3198

Old_11	Old_11	FluoOptima	10/14/2013 14:22:04
0.3174	0.3383	0.3276	0.3245	0.3164	0.3266	0.3314	0.3271	0.3318	0.3363	0.3326	0.3302
0.3299	0.3828	0.3683	0.3518	0.3441	0.3275	0.3419	0.3344	0.3468	0.3363	0.3374	0.3202
0.3129	0.3462	0.3355	0.3738	0.3549	0.7724	0.4539	0.3129	0.3307	0.3166	0.3232	0.3054
0.311	0.3278	0.3307	0.3325	0.9228	1.0389	0.4807	0.3228	0.3371	0.3206	0.3309	0.306
0.3044	0.3317	0.3275	0.3207	0.4921	0.3076	0.3235	0.3052	0.3287	0.3136	0.3152	0.3049
0.3124	0.3257	0.3281	0.3151	0.4584	0.5519	0.4625	0.3181	0.3346	0.315	0.3208	0.301
0.3205	0.323	0.325	0.3129	0.3354	0.3243	0.3394	0.318	0.3389	0.3283	0.3232	0.3035
0.3154	0.338	0.3311	0.3393	0.3527	0.3514	0.35	0.3563	0.3563	0.3414	0.3234	0.323

Old_12	Old_12	FluoOptima	10/14/2013 14:31:34
0.3136	0.3338	0.3221	0.3194	0.3136	0.3274	0.3221	0.321	0.3347	0.3359	0.3312	0.331
0.3239	0.4316	0.4111	0.3988	0.3421	0.3272	0.3343	0.3257	0.3469	0.3347	0.3343	0.3183
0.31	0.3407	0.3693	0.3601	0.321	0.3099	0.3176	0.3133	0.3291	0.3155	0.32	0.3058
0.306	0.3475	0.3425	0.3192	0.3617	0.308	0.3221	0.3221	0.3313	0.3177	0.3252	0.3051
0.3016	0.3187	0.3315	0.3181	0.3078	0.3096	0.3215	0.3086	0.3275	0.3066	0.312	0.301
0.3107	0.3282	0.3236	0.3196	0.327	0.3176	0.3252	0.3118	0.3312	0.3154	0.3177	0.3006
0.3184	0.324	0.3238	0.3144	0.334	0.3242	0.3355	0.3157	0.3372	0.326	0.3202	0.3035
0.3137	0.3347	0.3292	0.3366	0.3511	0.3484	0.3455	0.353	0.3459	0.3308	0.3185	0.3196

Old_13	Old_13	FluoOptima	10/14/2013 14:41:06
0.3206	0.3371	0.3243	0.3214	0.3197	0.3355	0.3323	0.3281	0.3403	0.3486	0.3399	0.3414
0.3296	0.4941	0.336	0.3334	0.3512	0.3348	0.9374	0.6045	0.8524	1.1323	0.3457	0.3282
0.3146	0.3624	0.3567	0.3146	0.3313	0.3317	0.3304	0.8875	0.7757	0.3257	0.33	0.314
0.3168	0.361	0.3647	0.5854	0.4892	0.3414	0.3343	0.3331	0.3438	1.0734	0.3352	0.3128
0.3175	0.3343	0.3385	0.3438	0.3744	0.3962	0.7325	0.3163	0.337	0.3834	0.3234	0.3083
0.3248	0.3402	0.4142	0.4958	0.7903	0.4631	0.4507	0.3246	0.4104	0.3256	0.3276	0.3114
0.3287	0.3364	0.3381	0.2475	0.343	0.3408	0.4024	0.3549	0.3512	0.3366	0.3293	0.3123
0.323	0.35	0.3397	0.3452	0.3579	0.3553	0.3543	0.3626	0.3587	0.3478	0.328	0.3278

Old_14	Old_14	FluoOptima	10/14/2013 14:50:41
0.3077	0.3382	0.3259	0.3222	0.324	0.3294	0.3254	0.322	0.3289	0.3351	0.3256	0.3175
0.3201	0.4383	0.4689	0.3167	0.3353	0.3889	0.3346	0.3219	0.3412	0.3483	0.3366	0.3118
0.3057	0.3491	0.3556	0.3136	0.3425	0.3071	0.3134	0.3045	0.3286	0.3142	0.3141	0.2992
0.304	0.3523	0.3615	0.3291	0.3253	0.3048	0.4091	0.3108	0.3288	0.3181	0.3205	0.2999
0.302	0.3255	0.3262	0.3177	0.3857	0.9035	0.368	0.2988	0.322	0.3075	0.305	0.2993
0.3064	0.3226	0.3255	0.3055	0.3257	0.3108	0.3234	0.3091	0.3234	0.3105	0.3098	0.2936
0.3109	0.3172	0.3167	0.3088	0.3247	0.3182	0.3279	0.311	0.3296	0.3166	0.3147	0.298
0.3078	0.3316	0.322	0.3247	0.3337	0.3358	0.333	0.3359	0.3411	0.3284	0.3146	0.3089

Old_15	Old_15	FluoOptima	10/14/2013 15:00:14
0.3166	0.3453	0.3388	0.33	0.3279	0.337	0.3336	0.3273	0.3345	0.3309	0.3248	0.3206
0.3251	0.41	0.3424	0.3351	0.353	0.3294	0.3449	0.3365	0.351	0.3401	0.3243	0.3081
0.3122	0.3696	0.61	0.7076	0.3316	0.3245	0.3311	0.3217	0.3376	0.3087	0.311	0.299
0.3086	0.3715	0.3643	0.3333	0.4994	0.3168	0.3338	0.3247	0.3366	0.3147	0.3183	0.3005
0.3042	0.3334	0.3423	0.3276	0.3339	0.3165	0.3304	0.314	0.3355	0.3062	0.3018	0.297
0.3137	0.3316	0.3333	0.3201	0.3354	0.3617	0.3297	0.3179	0.3381	0.3083	0.3083	0.2957
0.3204	0.327	0.3233	0.3152	0.3323	0.3255	0.3395	0.3218	0.3354	0.3213	0.3108	0.2985
0.3159	0.336	0.3265	0.3366	0.3442	0.34	0.3345	0.3409	0.3362	0.334	0.314	0.3152

Old_16	Old_16	FluoOptima	10/14/2013 15:09:47
0.317	0.3478	0.3344	0.3364	0.3353	0.3342	0.3387	0.3289	0.3315	0.3325	0.3277	0.3278
0.3302	0.3801	0.3903	0.3339	0.3548	0.3375	0.339	0.3297	0.3544	0.3365	0.3356	0.3226
0.3183	0.3833	0.3522	0.3148	0.33	0.3228	0.3293	0.3164	0.3366	0.3162	0.3184	0.3101
0.3189	0.3657	0.3759	0.3472	0.3375	0.3169	0.3314	0.3236	0.3405	0.315	0.3208	0.3074
0.3104	0.3329	0.3378	0.3261	0.3359	0.3164	0.3293	0.311	0.3379	0.3121	0.3124	0.3023
0.3167	0.3363	0.34	0.3225	0.3374	0.3232	0.3315	0.3201	0.3331	0.3169	0.3144	0.305
0.3216	0.3236	0.3236	0.319	0.3351	0.3258	0.3326	0.3204	0.337	0.3266	0.3158	0.3007
0.3207	0.3428	0.337	0.3443	0.3476	0.3465	0.3434	0.3474	0.3555	0.3328	0.326	0.3154

Old_17	Old_17	FluoOptima	10/14/2013 15:19:21
0.313	0.3438	0.332	0.3147	0.3197	0.3268	0.3241	0.3179	0.3243	0.3256	0.3174	0.32
0.324	0.3461	0.3301	0.32	0.332	0.3241	0.3376	0.3301	0.3378	0.3328	0.3319	0.3113
0.3091	0.377	0.3131	0.3206	0.3211	0.3109	0.3203	0.3101	0.3288	0.3116	0.3095	0.2982
0.3057	0.3693	0.3685	0.3367	0.3245	0.3116	0.3233	0.321	0.3303	0.3084	0.3169	0.3028
0.3053	0.3295	0.3313	0.3217	0.3248	0.3099	0.3243	0.304	0.3253	0.3022	0.3027	0.2976
0.3072	0.3279	0.3302	0.3118	0.3315	0.3104	0.324	0.3123	0.3244	0.3089	0.3098	0.3011
0.3134	0.3254	0.3195	0.3064	0.3254	0.3245	0.3298	0.3179	0.332	0.3207	0.3107	0.3016
0.314	0.3386	0.3296	0.3357	0.3439	0.3478	0.3369	0.3432	0.3341	0.3494	0.3196	0.3143

Old_18	Old_18	FluoOptima	10/14/2013 15:28:54
0.3173	0.3474	0.3302	0.3292	0.3495	0.3375	0.3304	0.3322	0.3436	0.344	0.325	0.3246
0.332	0.3774	0.3518	0.475	0.3537	0.3359	0.3403	0.3324	0.3622	0.341	0.3373	0.3201
0.3195	0.3483	0.3453	0.3282	0.3407	0.3203	0.3299	0.3191	0.3383	0.3185	0.3169	0.3141
0.3183	0.3608	0.3835	0.343	0.3447	0.317	0.3273	0.3244	0.3329	0.3191	0.3222	0.3103
0.3127	0.3356	0.336	0.3263	0.3266	0.3152	0.3291	0.3107	0.3345	0.3109	0.3092	0.3046
0.3201	0.3436	0.3402	0.3239	0.3433	0.3261	0.3316	0.3182	0.3311	0.3172	0.3147	0.307
0.3279	0.3328	0.3285	0.3188	0.335	0.3217	0.3293	0.3171	0.3351	0.3213	0.3161	0.3051
0.3233	0.346	0.3352	0.3416	0.3671	0.3566	0.3515	0.3672	0.3513	0.3459	0.3287	0.3161

Old_19	Old_19	FluoOptima	10/14/2013 15:38:30
0.3139	0.3452	0.3224	0.3244	0.3192	0.3274	0.3303	0.3198	0.3365	0.3354	0.322	0.319
0.3191	0.6858	0.6419	0.8804	0.7672	0.3341	0.346	0.3426	0.3622	0.3477	0.3336	0.3129
0.3104	0.3624	0.6732	0.5695	0.3348	0.3216	0.3307	0.3203	0.3409	0.3231	0.3114	0.303
0.3067	0.3477	0.5618	0.5157	0.4926	0.4278	1.5085	0.3229	0.3397	0.3209	0.3227	0.3048
0.3023	0.5251	0.5212	0.591	0.5571	0.5844	0.3319	0.3107	0.3345	0.3031	0.3051	0.3015
0.3093	0.3365	0.6241	0.4527	0.4923	0.4235	0.3287	0.4747	0.3406	0.311	0.3117	0.3
0.3177	0.3217	0.3208	0.3384	0.3732	0.3855	0.3271	0.3138	0.334	0.3243	0.3099	0.2996
0.3138	0.3365	0.3271	0.3285	0.3493	0.3502	0.3484	0.3496	0.3411	0.3389	0.3241	0.3151

Old_20	Old_20	FluoOptima	10/14/2013 15:47:58
0.3174	0.3554	0.3293	0.3312	0.3286	0.3364	0.3282	0.3431	0.3434	0.3362	0.3285	0.3216
0.3289	0.962	0.3369	1.1055	0.3512	0.3364	0.3415	0.3369	0.3791	0.344	0.3305	0.3195
0.3169	0.7585	1.0733	0.8339	0.3353	0.3202	0.3286	0.3173	0.3384	0.319	0.3195	0.3075
0.3145	0.8562	0.8461	0.8192	0.5091	0.3186	0.3351	0.3424	0.3337	0.3173	0.3263	0.3058
0.3101	0.5685	0.5688	0.4839	0.5152	0.3178	0.3289	0.3176	0.3377	0.3099	0.3123	0.3022
0.3146	0.4382	0.4129	0.4128	0.4101	0.3851	0.3293	0.3185	0.3352	0.3211	0.3109	0.3067
0.3199	0.3288	0.3144	0.3237	0.3369	0.3246	0.3208	0.3216	0.3323	0.3252	0.3139	0.3027
0.319	0.3498	0.3532	0.3515	0.3627	0.3581	0.355	0.3624	0.3588	0.3467	0.3243	0.3124

Old_21	Old_21	FluoOptima	10/14/2013 15:57:45
0.3144	0.3374	0.3291	0.3248	0.3174	0.3382	0.322	0.3158	0.3259	0.3356	0.3226	0.3203
0.3232	0.3602	0.3293	0.3227	0.3355	0.3261	0.3365	0.3269	0.348	0.3292	0.324	0.311
0.3133	0.3885	0.3519	0.3329	0.3375	0.3128	0.3225	0.3117	0.3299	0.3118	0.3134	0.3035
0.3129	0.373	0.3554	0.314	0.3324	0.3099	0.3247	0.3169	0.3322	0.3151	0.3194	0.3008
0.3044	0.3273	0.3344	0.3141	0.3236	0.3076	0.3194	0.3045	0.3264	0.3012	0.303	0.3025
0.3107	0.3245	0.3274	0.3262	0.3316	0.3186	0.3218	0.3137	0.328	0.3074	0.3099	0.2983
0.32	0.3221	0.3146	0.3236	0.3313	0.3245	0.3279	0.3185	0.3317	0.3232	0.3103	0.2965
0.3107	0.333	0.3345	0.3373	0.3433	0.3469	0.3383	0.3491	0.3438	0.3386	0.3184	0.316

Old_22	Old_22	FluoOptima	10/14/2013 16:07:12
0.3175	0.3494	0.342	0.3392	0.3344	0.3397	0.3366	0.3361	0.3406	0.3391	0.3291	0.323
0.3308	0.4926	0.535	0.5583	0.4864	0.5009	0.5837	0.6516	0.7001	0.6618	0.3269	0.3148
0.3196	0.3691	0.3608	0.5616	0.5493	0.5749	0.5316	0.5797	0.582	0.6566	0.3107	0.3013
0.3206	0.3537	0.3608	0.5332	0.5574	0.5656	0.6184	0.6279	0.6415	0.6049	0.3172	0.3016
0.3145	0.4145	0.3326	0.4475	0.6728	0.6723	0.4853	0.7581	0.8755	0.6991	0.3052	0.2997
0.3219	0.3453	0.4618	0.7221	0.4929	0.4725	0.6007	0.9435	0.6064	0.4523	0.3107	0.3007
0.3238	0.3274	0.3403	0.3158	0.3386	0.3521	0.4021	0.3884	0.327	0.3176	0.3098	0.2985
0.3237	0.3421	0.3386	0.3378	0.3468	0.3414	0.3319	0.3357	0.3338	0.3294	0.3166	0.3142

Old_23	Old_23	FluoOptima	10/14/2013 16:16:40
0.3188	0.3386	0.3336	0.3176	0.3142	0.3283	0.322	0.3164	0.3335	0.332	0.3173	0.3162
0.3249	0.5352	0.696	0.6716	0.6502	0.6382	0.6214	0.634	0.6815	0.7175	0.3242	0.3085
0.3155	0.3528	0.5734	0.6224	0.6054	0.528	0.5999	0.5708	0.558	0.3012	0.3059	0.2982
0.3133	0.3376	0.3442	0.6044	0.6257	0.6086	0.6059	0.6416	0.6755	0.4499	0.3108	0.302
0.3074	0.3233	0.3341	0.3182	0.6233	0.6215	0.6387	0.6463	0.7497	0.4194	0.2987	0.2976
0.3147	0.325	0.5961	0.3619	0.645	0.6718	0.6349	0.7042	0.7052	0.306	0.3059	0.2985
0.3187	0.3358	0.3285	0.3932	0.389	0.4231	0.3596	0.3112	0.3235	0.3156	0.3063	0.2967
0.3176	0.3389	0.3341	0.3351	0.3459	0.3402	0.3368	0.336	0.3367	0.3296	0.3112	0.3155

Old_24	Old_24	FluoOptima	10/14/2013 16:26:07
0.3212	0.3602	0.3485	0.3493	0.3423	0.3351	0.3252	0.3398	0.3478	0.3473	0.3272	0.3264
0.3372	0.3511	0.341	0.3359	0.3738	0.4291	0.339	0.3297	0.3525	0.3397	0.3354	0.3215
0.3277	0.3752	0.3327	0.7161	0.3304	0.4168	0.3281	0.326	0.3314	0.3165	0.315	0.3098
0.3261	0.3708	0.3659	0.3581	0.9196	0.3136	1.3145	0.3231	0.3337	0.315	0.3191	0.3078
0.3094	0.3366	0.3408	0.3286	0.3371	0.3137	0.3256	0.3077	0.3287	0.3064	0.3095	0.3068
0.3193	0.3414	0.3374	0.3253	0.3373	0.3217	0.3272	0.3138	0.3324	0.3127	0.3093	0.3103
0.3241	0.3295	0.3231	0.3185	0.3337	0.3224	0.3279	0.3163	0.3325	0.3224	0.316	0.3042
0.3267	0.3515	0.3474	0.3455	0.3542	0.3502	0.3433	0.35	0.3521	0.3422	0.3262	0.3172

