Old_ND_1	Old_ND_1	FluoOptima	09/09/2013 12:02:03
0.1064	0.1123	0.1199	0.1176	0.1186	0.1117	0.0991	0.0991	0.1046	0.104	0.1028	0.091
0.1066	1.1818	1.2436	0.7844	0.2832	1.2238	0.2745	0.3105	0.6759	0.2751	0.2933	0.0994
0.1073	0.9673	0.7287	0.8684	0.2251	0.2133	0.1888	0.3746	0.1922	0.1943	0.1994	0.092
0.1149	0.7931	0.9183	0.4642	0.6297	0.3489	0.1751	0.1696	0.1624	0.1671	0.1853	0.0926
0.1115	0.6147	0.6034	0.713	0.441	0.146	0.1547	0.137	0.1551	0.143	0.1279	0.0909
0.1106	0.4239	0.4354	0.5462	0.3844	0.2675	0.1323	0.1151	0.1315	0.1188	0.1226	0.092
0.1114	0.2301	0.2794	0.2718	0.2885	0.1108	0.1088	0.093	0.1137	0.1007	0.1007	0.0958
0.1079	0.114	0.1161	0.1211	0.116	0.119	0.1166	0.1077	0.0993	0.1021	0.0968	0.0877

Old_ND_2	Old_ND_2	FluoOptima	09/09/2013 12:11:17
0.1054	0.1108	0.1143	0.1128	0.1155	0.1044	0.0979	0.1041	0.1093	0.1063	0.1027	0.099
0.1106	1.5652	1.1783	0.759	0.2807	0.2703	0.2894	0.25	0.2932	0.2684	0.2873	0.0963
0.1226	1.1108	0.9069	0.7148	0.4856	0.1634	0.1736	0.1587	0.1596	0.1743	0.1614	0.0843
0.131	0.7875	0.8181	0.6808	0.4984	0.1422	0.1308	0.1285	0.1404	0.1397	0.146	0.0883
0.1046	0.5846	0.6146	0.5367	0.5147	0.1217	0.1244	0.1135	0.128	0.1141	0.1201	0.084
0.1344	0.4225	0.4674	0.4106	0.3785	0.1199	0.1077	0.1089	0.1127	0.1151	0.1207	0.0859
0.1128	0.1597	0.3042	0.2112	0.1605	0.0973	0.1526	0.0948	0.1169	0.1113	0.0927	0.0872
0.1079	0.1138	0.171	0.1103	0.1116	0.1269	0.1034	0.1072	0.0978	0.1006	0.0932	0.0943

Old_ND_3	Old_ND_3	FluoOptima	09/09/2013 12:20:31
0.107	0.1144	0.115	0.1191	0.121	0.1126	0.103	0.1059	0.1048	0.0996	0.0987	0.1015
0.1125	1.4215	1.0623	0.2735	0.2982	0.2922	0.2845	0.2626	0.2931	0.2496	0.2646	0.098
0.125	0.9913	0.8697	0.8243	0.2094	0.2235	0.1821	0.1817	0.1695	0.1497	0.1697	0.0931
0.1134	0.7124	0.7683	0.7659	0.3207	0.1559	0.1519	0.1536	0.1513	0.1391	0.1453	0.0929
0.1262	0.4999	0.5871	0.6134	0.5376	0.141	0.1439	0.1343	0.1348	0.1283	0.1433	0.0871
0.1105	0.4214	0.3252	0.3537	0.3626	0.1464	0.1361	0.1269	0.1452	0.1188	0.1286	0.0903
0.1274	0.2892	0.2313	0.1708	0.1559	0.1112	0.1132	0.1013	0.102	0.0902	0.0949	0.0921
0.1194	0.1169	0.1132	0.1202	0.1153	0.1172	0.103	0.1074	0.1118	0.1068	0.094	0.098

Old_ND_4	Old_ND_4	FluoOptima	09/09/2013 12:29:45
0.1036	0.1137	0.1123	0.1163	0.1245	0.1178	0.1085	0.0997	0.0968	0.0929	0.0924	0.0841
0.1037	1.1651	0.6022	0.3445	0.2207	0.2525	0.2673	0.2333	0.2426	0.2734	0.2296	0.083
0.1028	1.2516	0.4955	0.4826	0.2036	0.1953	0.1784	0.1796	0.1966	0.1801	0.1744	0.0848
0.1047	0.8591	0.9606	0.5726	0.1679	0.1736	0.1606	0.1537	0.1638	0.1576	0.16	0.0849
0.1095	0.6053	0.617	0.5704	0.1434	0.3975	0.1445	0.1341	0.1553	0.1387	0.1388	0.0841
0.1077	0.3799	0.4344	0.4296	0.3704	0.1293	0.1248	0.1195	0.1165	0.1021	0.1129	0.0871
0.1052	0.2864	0.246	0.2656	0.2401	0.1116	0.1012	0.1123	0.1069	0.1096	0.0916	0.09
0.1121	0.1278	0.1139	0.1074	0.1125	0.1109	0.1102	0.1081	0.0885	0.0966	0.0855	0.08

Old_ND_5	Old_ND_5	FluoOptima	09/09/2013 12:39:00
0.1107	0.1171	0.1215	0.1228	0.122	0.1097	0.1059	0.1099	0.1093	0.112	0.1028	0.1037
0.1143	0.7683	1.2784	0.7428	0.2842	0.2639	0.2697	0.2529	0.2814	0.2687	0.2776	0.1029
0.1102	0.5874	1.1912	0.3962	0.365	1.1587	0.1827	0.1458	0.1672	0.1561	0.1714	0.0987
0.114	0.6445	0.7267	0.1463	0.1551	0.1497	0.1378	0.124	0.151	0.13	0.1347	0.097
0.1122	0.4863	0.4742	0.5314	0.4391	0.1236	0.1271	0.1147	0.125	0.1207	0.1294	0.0955
0.1167	0.4159	0.3551	0.3796	0.5106	0.1319	0.129	0.1191	0.1289	0.1569	0.1264	0.0918
0.1332	0.2116	0.2783	0.1505	0.2656	0.1693	0.1038	0.1041	0.1079	0.1143	0.1069	0.0944
0.1169	0.1211	0.1171	0.1188	0.1151	0.1195	0.1105	0.1104	0.1072	0.106	0.1029	0.1041

Old_ND_6	Old_ND_6	FluoOptima	09/09/2013 12:48:17
0.1189	0.1407	0.1376	0.1398	0.1426	0.1216	0.1216	0.1135	0.1178	0.1122	0.1071	0.1124
0.1336	0.3013	0.2988	0.5388	0.3159	0.3017	0.2818	0.2817	0.2777	0.2835	0.2956	0.1068
0.1166	1.2283	0.1911	0.1798	0.2416	0.2007	0.1782	0.1484	0.1706	0.163	0.1705	0.1011
0.1188	0.5827	0.8045	0.1555	0.2984	0.1576	0.1504	0.1596	0.1477	0.1372	0.1469	0.1023
0.1267	0.1444	0.473	0.2907	0.2323	0.1404	0.143	0.1319	0.1353	0.1197	0.1335	0.1009
0.121	0.1431	0.3025	0.1687	0.1498	0.1418	0.1424	0.1274	0.1261	0.1198	0.1337	0.0963
0.1268	0.1273	0.2735	0.1561	0.1807	0.1212	0.1752	0.137	0.111	0.1092	0.1063	0.102
0.1172	0.1283	0.1272	0.1229	0.1245	0.1246	0.113	0.1152	0.1155	0.1099	0.1027	0.1067

Old_ND_7	Old_ND_7	FluoOptima	09/09/2013 12:57:35
0.0929	0.1119	0.1178	0.1134	0.126	0.1135	0.0984	0.1053	0.1022	0.1093	0.1062	0.0958
0.1127	1.1829	1.9628	0.479	0.3459	0.3649	0.249	0.2295	0.2599	0.2496	0.2268	0.0978
0.1129	0.9542	1.0688	0.3789	0.3228	0.4097	0.2842	0.1578	0.1801	0.1724	0.1678	0.0781
0.1111	0.8425	0.8306	0.5644	0.3366	0.1772	0.4012	0.1454	0.154	0.151	0.1453	0.0816
0.1087	0.497	0.5605	1.0121	0.3871	0.2686	0.5163	0.2769	0.1417	0.1289	0.1366	0.0881
0.114	0.406	0.4197	0.4082	0.4624	0.2166	0.1324	0.1596	0.1248	0.119	0.1174	0.086
0.1226	0.2999	0.2916	0.2826	0.3285	0.161	0.1073	0.0963	0.104	0.0929	0.1063	0.0899
0.1207	0.1268	0.1174	0.116	0.1104	0.11	0.0962	0.105	0.0911	0.1009	0.0962	0.0961

Old_ND_8	Old_ND_8	FluoOptima	09/09/2013 13:06:52
0.119	0.1372	0.1333	0.1298	0.135	0.1223	0.115	0.1222	0.118	0.113	0.1133	0.1072
0.1254	1.3562	0.9209	0.6666	0.6925	0.4553	0.3203	0.2903	0.3173	0.2938	0.3123	0.1111
0.1245	0.8857	0.9962	0.8827	1.1377	0.2081	0.2182	0.2029	0.2057	0.207	0.1951	0.1065
0.123	0.8539	0.8092	0.6258	0.5823	0.1827	0.1905	0.1836	0.1808	0.1725	0.166	0.1063
0.1291	0.4832	0.5093	0.502	0.5077	0.4248	0.1803	0.1515	0.151	0.1512	0.1553	0.208
0.135	0.4117	0.4014	0.4128	0.3731	0.2734	0.1368	0.129	0.1497	0.1228	0.1115	0.1098
0.1213	0.2608	0.1935	0.1778	0.198	0.1186	0.1272	0.1117	0.1173	0.1075	0.111	0.1078
0.1197	0.1318	0.1306	0.1288	0.1285	0.129	0.1233	0.1229	0.1364	0.1151	0.1083	0.1081

Old_ND_9	Old_ND_9	FluoOptima	09/09/2013 13:16:05
0.1118	0.118	0.1195	0.1378	0.1175	0.112	0.1017	0.1061	0.1083	0.1172	0.1007	0.101
0.1328	1.4452	1.0916	1.0108	0.3026	0.298	0.3044	0.271	0.2897	0.2775	0.2769	0.1002
0.1133	0.8829	0.8819	0.7416	0.6311	0.2049	0.1886	0.1771	0.1926	0.1744	0.1722	0.093
0.1135	0.6941	0.6903	0.5838	0.5486	0.3142	0.1565	0.1562	0.1511	0.1404	0.1745	0.0933
0.1258	0.1458	0.4104	0.3495	0.4432	0.1461	0.1462	0.1314	0.1483	0.1203	0.1304	0.0915
0.1138	0.1553	0.3178	0.2641	0.363	0.1406	0.1336	0.1288	0.1639	0.1219	0.1247	0.0938
0.1225	0.1462	0.1579	0.1679	0.1999	0.1205	0.1281	0.1119	0.1048	0.1054	0.1018	0.0966
0.1135	0.1185	0.1145	0.1216	0.1148	0.1201	0.1074	0.1071	0.1018	0.1037	0.0966	0.0961

Old_ND_10	Old_ND_10	FluoOptima	09/09/2013 13:25:22
0.0957	0.1062	0.1048	0.1113	0.1108	0.1101	0.1075	0.1506	0.0989	0.0963	0.0913	0.0897
0.1019	1.3035	1.1853	1.1715	0.9367	1.2379	0.2468	0.2856	0.2991	0.2511	0.2896	0.0875
0.0976	1.2127	0.8183	0.9281	0.9549	0.5917	0.212	0.1818	0.183	0.1659	0.1926	0.0765
0.0982	0.7119	0.671	0.7346	0.5822	0.4685	0.5417	0.1563	0.1544	0.1571	0.1566	0.0839
0.0986	0.5413	0.3648	0.3224	0.5315	0.3485	0.1383	0.1381	0.1438	0.1261	0.1235	0.0789
0.1066	0.4293	0.3687	0.3499	0.4012	0.3368	0.3255	0.1163	0.1125	0.1131	0.1159	0.0769
0.1074	0.2836	0.2793	0.2604	0.2187	0.1189	0.1135	0.0965	0.1057	0.0949	0.0941	0.0905
0.1121	0.1109	0.1085	0.1058	0.1049	0.1043	0.0878	0.0959	0.0797	0.0884	0.084	0.0806

Old_ND_11	Old_ND_11	FluoOptima	09/09/2013 13:34:38
0.1172	0.1265	0.13	0.1516	0.1198	0.1181	0.1124	0.108	0.1098	0.1121	0.109	0.1081
0.1182	1.3106	1.0423	0.8894	0.344	0.2814	0.2606	0.2698	0.2903	0.2812	0.2717	0.1068
0.1151	0.9555	0.9476	0.9785	0.6343	0.7184	0.6935	0.1709	0.1897	0.1854	0.1899	0.0979
0.1166	0.6401	0.8992	0.5079	0.3137	0.4843	0.4168	0.1613	0.1726	0.1631	0.1592	0.1015
0.1087	0.5095	0.7287	0.4877	0.478	0.1351	0.1496	0.1372	0.159	0.143	0.1471	0.0991
0.1251	0.3744	0.3325	0.3902	0.3441	0.3151	0.315	0.1731	0.1232	0.1147	0.1035	0.1009
0.1138	0.2918	0.2649	0.2106	0.2371	0.1149	0.1097	0.1106	0.1125	0.1043	0.101	0.099
0.1384	0.1259	0.116	0.1204	0.1153	0.1215	0.1126	0.1121	0.1092	0.1084	0.1031	0.1015

Old_ND_12	Old_ND_12	FluoOptima	09/09/2013 13:43:56
0.1281	0.1247	0.1343	0.1235	0.1825	0.1269	0.1219	0.1151	0.1122	0.1213	0.1523	0.1142
0.1221	1.3072	1.3361	1.0176	0.3028	0.3132	0.2846	0.2803	0.2877	0.2805	0.275	0.1134
0.1265	1.2431	1.187	1.0058	0.2127	0.2136	0.2074	0.1896	0.2045	0.2035	0.2156	0.104
0.1218	0.6887	0.7412	0.6119	0.6107	0.1829	0.1832	0.1779	0.1944	0.1762	0.1646	0.1047
0.1128	0.46	0.4453	0.4467	0.149	0.1527	0.1456	0.1384	0.1414	0.1286	0.1258	0.1039
0.1184	0.3876	0.3754	0.366	0.1482	0.1359	0.135	0.122	0.1445	0.14	0.1246	0.1159
0.1278	0.2623	0.1945	0.1816	0.1391	0.1267	0.1278	0.1173	0.1297	0.1574	0.1174	0.1158
0.1143	0.1377	0.1295	0.1363	0.133	0.1379	0.1229	0.1382	0.1253	0.1137	0.1194	0.1118

