Old_D_1	Old_D_1	FluoOptima	09/09/2013 13:57:46
0.0974	0.1068	0.104	0.1109	0.1057	0.108	0.103	0.1095	0.1052	0.1033	0.1024	0.0977
0.1049	1.2706	0.5126	1.2203	0.4458	0.758	0.8763	0.6306	0.8795	0.3964	0.3243	0.0979
0.0978	1.0064	0.983	0.6528	1.5215	1.0983	0.7511	0.3263	0.7307	0.8023	0.1905	0.0868
0.1067	0.7068	0.7059	0.6198	0.5202	0.3618	0.5105	0.7697	0.3111	0.2477	0.1652	0.0882
0.1056	0.5355	0.5624	0.6047	0.5005	0.3593	0.3272	0.488	0.3861	0.2267	0.2303	0.0902
0.1072	0.3928	0.387	0.4903	0.4992	0.3389	0.3306	0.5667	0.6162	0.3431	0.1074	0.0954
0.1081	0.3111	0.2943	0.3261	0.374	0.3569	0.24	0.1159	0.1055	0.0832	0.1	0.1062
0.1013	0.1075	0.1099	0.1073	0.1059	0.0984	0.0968	0.1019	0.0994	0.0992	0.1016	0.095

Old_D_2	Old_D_2	FluoOptima	09/09/2013 14:09:39
0.1093	0.1166	0.1226	0.1157	0.114	0.113	0.1115	0.1049	0.1119	0.1046	0.1082	0.0927
0.1113	1.2006	1.0774	0.7579	0.4604	0.6855	0.2959	0.2909	0.2844	0.2689	0.293	0.1058
0.1095	0.9449	0.6608	0.6885	0.7455	0.4834	0.3828	0.2381	0.2215	0.2043	0.2092	0.1003
0.1113	0.7233	0.7725	0.6202	0.8909	0.4558	0.3106	0.1498	0.1818	0.1663	0.1582	0.1004
0.111	0.5797	0.5155	0.5421	0.6129	0.3366	0.4159	0.2548	0.1284	0.1317	0.1047	0.1138
0.1076	0.3849	0.3586	0.3923	0.3935	0.3696	0.2938	0.2405	0.1171	0.1075	0.1057	0.1021
0.1106	0.2606	0.2498	0.2633	0.2806	0.149	0.1544	0.1115	0.1141	0.1221	0.106	0.1073
0.1034	0.1152	0.1179	0.1087	0.116	0.1169	0.1105	0.1166	0.1108	0.114	0.104	0.1035

Old_D_3	Old_D_3	FluoOptima	09/09/2013 14:21:33
0.1058	0.1102	0.1203	0.1187	0.1073	0.1076	0.1082	0.1043	0.1207	0.1034	0.1148	0.112
0.1094	1.3338	0.998	0.7708	1.0355	0.3521	0.3045	0.2714	0.3005	0.287	0.2999	0.1114
0.1104	1.0924	0.8752	0.7112	1.1134	0.2439	0.2301	0.2195	0.2281	0.2132	0.2249	0.0965
0.1075	0.8131	0.8114	0.7676	0.5998	0.2065	0.1741	0.1626	0.1907	0.1633	0.1457	0.108
0.1098	0.5745	0.5901	0.574	0.5376	0.3948	0.1525	0.14	0.1379	0.1316	0.1313	0.0994
0.108	0.4504	0.4307	0.3465	0.4112	0.3218	0.1283	0.1199	0.1302	0.1167	0.1076	0.0934
0.1095	0.2488	0.1699	0.1807	0.1965	0.1218	0.1205	0.1246	0.1084	0.121	0.1259	0.1064
0.1074	0.1128	0.1146	0.1105	0.1082	0.1119	0.1065	0.1065	0.1079	0.11	0.0945	0.1053

Old_D_4	Old_D_4	FluoOptima	09/09/2013 14:33:29
0.1047	0.1034	0.1163	0.1119	0.1123	0.1109	0.1054	0.1052	0.1132	0.1049	0.103	0.1053
0.1067	1.0268	0.5329	0.4593	0.3545	0.2955	0.2843	0.2638	0.309	0.2807	0.2598	0.1018
0.1101	0.9817	0.5485	0.6419	0.3458	0.2012	0.2146	0.2023	0.2286	0.2185	0.218	0.1106
0.1026	0.7783	0.7857	0.6324	0.3593	0.1497	0.1626	0.1555	0.1591	0.1405	0.1616	0.1015
0.1216	0.5829	0.5942	0.551	0.3507	0.1689	0.1748	0.1791	0.126	0.1072	0.1125	0.1097
0.1121	0.3833	0.381	0.4166	0.4066	0.1874	0.1117	0.116	0.1063	0.1031	0.1153	0.1021
0.1064	0.2819	0.2719	0.2259	0.2656	0.139	0.0909	0.1373	0.139	0.1022	0.0967	0.0999
0.1009	0.1107	0.1142	0.1154	0.1111	0.1109	0.106	0.1052	0.106	0.1003	0.0996	0.1004

Old_D_5	Old_D_5	FluoOptima	09/09/2013 14:45:27
0.0986	0.1106	0.1075	0.1101	0.1076	0.104	0.0938	0.097	0.1001	0.0986	0.1018	0.0927
0.1062	0.5697	0.5467	0.3753	0.3375	0.295	0.3022	0.2651	0.3008	0.2637	0.2731	0.0966
0.1091	0.9553	0.5411	0.3579	0.3128	0.2297	0.2098	0.2107	0.2241	0.1977	0.2013	0.0833
0.1022	0.8283	0.8156	0.6355	0.3197	0.1621	0.1796	0.2022	0.207	0.2002	0.1889	0.0882
0.114	0.5659	0.5657	0.6889	0.3273	0.1622	0.157	0.1328	0.1441	0.1339	0.1324	0.0878
0.1071	0.5722	0.3836	0.5581	0.3698	0.1485	0.1232	0.1061	0.1175	0.1096	0.1115	0.0869
0.1075	0.3262	0.2925	0.2677	0.263	0.114	0.1109	0.1188	0.1132	0.1071	0.1332	0.098
0.1043	0.1111	0.1099	0.111	0.1058	0.1047	0.0867	0.0932	0.0871	0.0941	0.0846	0.0934

Old_D_6	Old_D_6	FluoOptima	09/09/2013 14:57:26
0.0916	0.1035	0.1181	0.0973	0.1036	0.1048	0.0948	0.1011	0.1089	0.0996	0.1	0.0975
0.0956	0.6878	0.539	0.3883	0.6026	0.2821	0.2751	0.2919	0.2784	0.2749	0.2727	0.0974
0.1081	0.8661	0.5152	0.3578	0.5842	0.2126	0.2244	0.2103	0.2279	0.2016	0.1997	0.0996
0.1019	0.8337	0.5964	0.4045	0.3779	0.1422	0.1513	0.1665	0.1955	0.1413	0.1378	0.0956
0.1098	0.5758	0.6294	0.5538	0.5898	0.1292	0.1395	0.1275	0.1301	0.1187	0.1164	0.0915
0.1069	0.4797	0.505	0.456	0.3785	0.1219	0.1233	0.1111	0.1187	0.1155	0.1163	0.0935
0.104	0.2981	0.2798	0.248	0.2991	0.1123	0.1076	0.1015	0.108	0.1065	0.1134	0.1013
0.0989	0.1179	0.117	0.1182	0.1127	0.1208	0.1004	0.1164	0.1051	0.1095	0.0964	0.0967

Old_D_7	Old_D_7	FluoOptima	09/09/2013 15:09:27
0.1128	0.1178	0.1227	0.1136	0.0983	0.1073	0.0915	0.1217	0.1037	0.1284	0.0994	0.0987
0.1167	1.2662	1.6588	0.9363	0.656	1.2509	1.111	0.8946	0.6802	0.3989	0.2945	0.0994
0.1063	1.0859	0.9405	0.8481	0.6295	0.644	0.7998	0.7815	0.5621	0.2075	0.2122	0.0908
0.1086	0.6459	0.6494	0.5932	0.5482	0.6836	0.5671	0.5672	0.3096	0.1642	0.1637	0.088
0.1004	0.4948	0.5293	0.5008	0.4787	0.8008	0.403	0.3872	0.2994	0.114	0.138	0.0881
0.1165	0.3863	0.3976	0.3902	0.4685	0.3598	0.3453	0.3403	0.1206	0.1108	0.1582	0.085
0.109	0.3018	0.2648	0.2467	0.4126	0.248	0.1218	0.1302	0.131	0.1327	0.1069	0.0968
0.111	0.1229	0.1163	0.1179	0.1072	0.1087	0.118	0.1086	0.0926	0.1106	0.0941	0.094

Old_D_8	Old_D_8	FluoOptima	09/09/2013 15:21:26
0.1002	0.1265	0.1146	0.1086	0.0994	0.0981	0.0981	0.1034	0.1029	0.0941	0.0954	0.1023
0.1139	0.847	1.6926	1.3944	0.8708	1.4814	1.0306	0.3714	0.4249	0.3247	0.2717	0.1017
0.1103	1.0379	0.8392	0.8086	0.898	0.8785	0.69	0.6492	0.7681	0.2094	0.1863	0.0947
0.1017	0.6847	0.6512	0.6229	0.6311	0.5923	0.5787	0.5382	0.4496	0.1479	0.1511	0.0884
0.1215	0.4672	0.4638	0.4429	0.4561	0.4224	0.4088	0.3852	0.3104	0.1368	0.1687	0.0831
0.1178	0.3705	0.3623	0.3479	0.3683	0.343	0.368	0.3435	0.1425	0.1216	0.1088	0.0848
0.1309	0.212	0.1798	0.1933	0.2602	0.1224	0.0985	0.0962	0.1384	0.1042	0.1139	0.0933
0.1072	0.1121	0.1174	0.1159	0.1091	0.1125	0.1008	0.1033	0.1014	0.0973	0.0869	0.093

Old_D_9	Old_D_9	FluoOptima	09/09/2013 15:33:23
0.0979	0.1003	0.1044	0.1082	0.1014	0.1	0.0942	0.101	0.0964	0.0911	0.0943	0.0955
0.1012	1.1833	1.0006	0.8126	0.5584	0.419	0.2741	0.277	0.2795	0.2542	0.2574	0.0993
0.0964	0.9377	0.9373	0.7613	0.6249	0.324	0.203	0.1873	0.2122	0.191	0.1905	0.086
0.098	0.6144	0.7017	0.5803	0.5576	0.3935	0.1369	0.1418	0.1584	0.1322	0.1302	0.0818
0.0965	0.471	0.44	0.4089	0.4405	0.3304	0.125	0.1145	0.1257	0.1111	0.1143	0.0825
0.0987	0.3839	0.3652	0.338	0.3681	0.2912	0.108	0.1044	0.1126	0.1109	0.0945	0.0828
0.0994	0.2387	0.2487	0.2215	0.1262	0.1836	0.1062	0.0965	0.1038	0.0932	0.0965	0.0906
0.0949	0.1015	0.108	0.1083	0.1025	0.106	0.0891	0.0968	0.1087	0.0932	0.0838	0.0925

Old_D_10	Old_D_10	FluoOptima	09/09/2013 15:45:21
0.1047	0.1123	0.1184	0.1121	0.1142	0.1168	0.1072	0.1167	0.1019	0.115	0.1101	0.0908
0.111	1.2892	1.1591	1.1339	1.0842	1.1543	0.7832	0.9911	0.681	0.6683	0.2799	0.0955
0.1018	0.9648	0.8753	0.7268	0.6964	0.5995	0.768	0.5843	0.5866	0.6295	0.2197	0.094
0.1038	0.4065	0.4762	0.424	0.5509	0.4337	0.4482	0.6589	0.5621	0.4451	0.2179	0.0878
0.1105	0.3422	0.3707	0.401	0.4919	0.4524	0.409	0.4313	0.4007	0.3781	0.1761	0.0816
0.1139	0.3365	0.3831	0.3352	0.3775	0.369	0.3511	0.364	0.3452	0.3202	0.1193	0.0876
0.1042	0.3069	0.3163	0.2596	0.3002	0.2509	0.1196	0.1265	0.2623	0.1014	0.1142	0.0976
0.0991	0.1099	0.1188	0.114	0.1126	0.1128	0.1008	0.1058	0.0956	0.0969	0.0955	0.0961

Old_D_11	Old_D_11	FluoOptima	09/09/2013 15:57:21
0.0978	0.1108	0.1156	0.1022	0.118	0.1082	0.1021	0.0967	0.1291	0.1201	0.1102	0.0937
0.1044	1.2536	1.0362	1.1959	1.3345	1.0678	1.0733	1.1242	0.8706	0.3945	0.2813	0.1054
0.1006	0.9193	0.9156	0.9143	0.6702	0.5441	0.5715	0.6353	0.7882	0.3908	0.2154	0.0876
0.0995	0.6025	0.5911	0.7209	0.5084	0.3994	0.3929	0.4561	0.4429	0.3909	0.1904	0.0863
0.0981	0.4536	0.4964	0.5183	0.4657	0.3631	0.3436	0.3371	0.3736	0.3138	0.1952	0.0811
0.1027	0.3516	0.3664	0.361	0.3634	0.326	0.3042	0.3194	0.3366	0.302	0.1357	0.085
0.1022	0.2925	0.2778	0.253	0.2416	0.2486	0.1394	0.1135	0.206	0.1551	0.0961	0.0935
0.1003	0.107	0.1081	0.111	0.1014	0.1106	0.0935	0.1008	0.0905	0.0923	0.091	0.0912

Old_D_12	Old_D_12	FluoOptima	09/09/2013 16:09:22
0.101	0.104	0.1188	0.1141	0.1051	0.1034	0.1194	0.1265	0.0951	0.0976	0.1019	0.0949
0.1067	0.8557	0.8252	0.6582	0.2849	1.507	0.3197	0.6723	0.2715	0.2488	0.2652	0.1074
0.1003	0.8711	1.097	0.4042	0.5824	1.4092	1.466	0.283	0.2156	0.1977	0.2141	0.0909
0.1016	0.6482	0.8701	0.7286	0.8031	0.5938	0.3081	0.8949	0.1906	0.1395	0.1432	0.09
0.1	0.4798	0.4392	0.4499	0.5187	0.266	0.2882	0.3381	0.1328	0.1185	0.127	0.0888
0.1013	0.4029	0.3882	0.3469	0.3629	0.4318	0.3728	0.1554	0.1218	0.1098	0.1111	0.0855
0.1024	0.2756	0.2647	0.2489	0.3015	0.149	0.1183	0.1103	0.1114	0.1033	0.1439	0.0943
0.1064	0.1081	0.1114	0.116	0.106	0.1087	0.1108	0.1176	0.1209	0.1035	0.0893	0.0992

