Old_ND_1	Old_ND_1	FluoOptima	10/03/2013 12:17:30
0.2983	0.3173	0.2982	0.3201	0.319	0.3222	0.3175	0.3005	0.3273	0.3152	0.3041	0.3113
0.3066	1.1727	1.3947	0.3481	1.6998	2.1175	0.3426	0.3321	0.7852	0.3441	0.3458	0.3018
0.2934	1.0693	0.8185	0.6065	0.3226	0.309	0.3174	0.4532	0.3084	0.2918	0.3144	0.2886
0.2877	0.8167	0.7845	0.4434	0.4212	0.4309	0.3083	0.2974	0.318	0.3021	0.2883	0.2898
0.2754	0.5929	0.5925	0.6135	0.4387	0.2916	0.3121	0.2781	0.3057	0.2877	0.2729	0.2892
0.2951	0.6805	0.4879	0.628	0.4754	0.3341	0.305	0.2756	0.3075	0.2778	0.2884	0.2901
0.2879	0.3238	0.3228	0.321	0.3325	0.3078	0.3049	0.2797	0.2918	0.2637	0.2681	0.2908
0.3014	0.324	0.3188	0.3308	0.3392	0.337	0.356	0.3431	0.3409	0.3262	0.3126	0.3082

Old_ND_2	Old_ND_2	FluoOptima	10/03/2013 12:26:53
0.3009	0.3075	0.3187	0.3187	0.3192	0.3213	0.3123	0.3016	0.3064	0.3071	0.3017	0.3096
0.3102	1.3205	1.2175	0.3439	0.3634	0.3367	0.3468	0.3242	0.3453	0.3425	0.3437	0.2991
0.2941	1.1249	0.8233	0.8084	0.3102	0.2995	0.3198	0.3028	0.3247	0.3013	0.298	0.2845
0.2918	0.8323	0.6839	0.5883	0.6577	0.2939	0.3044	0.3081	0.3187	0.2982	0.2905	0.3156
0.2923	0.5666	0.5652	0.6855	0.5273	0.2943	0.3004	0.2901	0.3131	0.2785	0.2777	0.2824
0.3005	0.5104	0.5189	0.4837	0.4411	0.3006	0.3056	0.2865	0.3056	0.2851	0.2862	0.2836
0.3042	0.3106	0.3251	0.2989	0.318	0.3152	0.3066	0.2795	0.2984	0.2816	0.2846	0.2883
0.3081	0.3307	0.3284	0.3409	0.3545	0.3403	0.3385	0.3456	0.3413	0.3287	0.3109	0.3051

Old_ND_3	Old_ND_3	FluoOptima	10/03/2013 12:36:19
0.2993	0.3004	0.2988	0.301	0.3039	0.2988	0.3016	0.2864	0.3054	0.3208	0.3009	0.3065
0.3012	1.4993	1.3039	0.3337	0.364	0.3112	0.3432	0.3193	0.3552	0.3418	0.3444	0.2994
0.2925	0.9891	1.0482	0.7554	0.3158	0.297	0.2933	0.3009	0.3171	0.3072	0.3172	0.2858
0.2903	0.8095	0.898	0.7764	0.4191	0.2912	0.3145	0.3096	0.3164	0.3002	0.3192	0.2837
0.2777	0.5067	0.5687	0.643	0.5377	0.2708	0.3036	0.2907	0.3144	0.2714	0.2827	0.2813
0.2966	0.5637	0.444	0.4516	0.4278	0.3006	0.3085	0.2774	0.2934	0.2574	0.2854	0.2844
0.2883	0.3279	0.3048	0.3018	0.319	0.2972	0.2758	0.2903	0.3017	0.2806	0.2787	0.2855
0.3083	0.3254	0.3251	0.3381	0.3404	0.3474	0.3459	0.3476	0.352	0.329	0.313	0.3055

Old_ND_4	Old_ND_4	FluoOptima	10/03/2013 12:45:46
0.2943	0.3202	0.3069	0.312	0.3121	0.3122	0.3079	0.3092	0.3141	0.3136	0.3026	0.3054
0.3002	1.2354	0.5388	0.3658	0.3403	0.3232	0.3343	0.3293	0.3464	0.3407	0.3377	0.2977
0.2899	1.2287	0.5127	0.4378	0.3186	0.302	0.3175	0.2984	0.3269	0.2877	0.3037	0.2835
0.2898	0.826	0.8025	0.6727	0.3198	0.2969	0.3123	0.3066	0.3206	0.3143	0.3045	0.289
0.2758	0.5377	0.5658	0.5493	0.3022	0.4217	0.3025	0.2896	0.2953	0.2823	0.283	0.2894
0.2956	0.4615	0.459	0.3883	0.6197	0.3059	0.307	0.2828	0.3047	0.2782	0.2832	0.2872
0.2849	0.3194	0.3217	0.3093	0.3345	0.305	0.306	0.2711	0.3035	0.3005	0.2578	0.2941
0.3074	0.3346	0.3213	0.3434	0.3511	0.3425	0.3494	0.3498	0.3445	0.3287	0.3127	0.3103

Old_ND_5	Old_ND_5	FluoOptima	10/03/2013 12:55:15
0.285	0.3082	0.3048	0.2949	0.2896	0.288	0.2971	0.2813	0.2909	0.3025	0.3205	0.2995
0.3076	0.7891	1.0077	0.5609	0.3605	0.3438	0.3398	0.3398	0.367	0.3413	0.3534	0.3109
0.2933	0.5848	1.0558	0.4239	0.3211	0.6097	0.3146	0.3024	0.3166	0.3009	0.3136	0.2964
0.2914	0.6478	0.6939	0.2943	0.3172	0.2971	0.3144	0.3141	0.3261	0.3049	0.3064	0.2952
0.2824	0.4933	0.5436	0.4721	0.4295	0.2873	0.3048	0.2764	0.2981	0.2887	0.2776	0.2943
0.3002	0.4157	0.5009	0.3665	0.4198	0.3098	0.3056	0.2879	0.32	0.2902	0.2848	0.2917
0.2999	0.3268	0.3275	0.3075	0.34	0.2919	0.2834	0.2581	0.285	0.2723	0.2534	0.2978
0.3094	0.3353	0.333	0.3329	0.3523	0.3433	0.3422	0.3387	0.3374	0.3292	0.3142	0.3155

Old_ND_6	Old_ND_6	FluoOptima	10/03/2013 13:04:43
0.278	0.3008	0.2908	0.2762	0.2743	0.2838	0.278	0.2751	0.2723	0.2825	0.2797	0.2898
0.2838	0.3459	0.3372	0.6637	0.3392	0.3294	0.3317	0.3192	0.3488	0.3369	0.3347	0.2924
0.2796	0.7646	0.3071	0.2967	0.3078	0.2976	0.3001	0.2879	0.3123	0.2944	0.3082	0.2784
0.2805	0.3972	0.76	0.2847	0.3734	0.2932	0.3071	0.302	0.3148	0.2951	0.2972	0.2807
0.2724	0.7957	0.5049	0.3033	0.2881	0.2872	0.2928	0.271	0.2907	0.287	0.2807	0.2776
0.2842	0.3022	0.3274	0.2901	0.3089	0.3013	0.2967	0.2819	0.312	0.2753	0.2715	0.2797
0.2823	0.3037	0.3279	0.2945	0.3141	0.2831	0.2751	0.2445	0.2834	0.2714	0.2665	0.2815
0.2943	0.3249	0.3121	0.3167	0.3292	0.3231	0.3191	0.3228	0.326	0.3189	0.2998	0.2986

Old_ND_7	Old_ND_7	FluoOptima	10/03/2013 13:14:12
0.293	0.3117	0.305	0.3044	0.3041	0.3048	0.3059	0.3011	0.3101	0.3203	0.3024	0.3077
0.298	0.6089	1.4487	0.3601	0.3629	0.3331	0.3522	0.338	0.3592	0.346	0.3397	0.2974
0.279	0.9212	1.0109	0.3525	0.3351	0.3188	0.3064	0.2899	0.3105	0.3022	0.3045	0.2897
0.288	1.0542	0.6806	0.8174	0.3726	0.3207	0.3392	0.2916	0.3088	0.2999	0.2938	0.2871
0.2761	0.4822	0.5132	0.5428	0.5024	0.3728	0.4232	0.3297	0.2902	0.2888	0.2715	0.2872
0.2877	0.4464	0.4406	0.4084	0.3129	0.3612	0.2998	0.2778	0.2983	0.2706	0.2803	0.2862
0.2672	0.3211	0.3153	0.3276	0.324	0.297	0.2794	0.2731	0.2809	0.2619	0.2756	0.2909
0.2982	0.3257	0.3213	0.3267	0.3357	0.3308	0.3339	0.3408	0.3464	0.3339	0.3096	0.3096

Old_ND_8	Old_ND_8	FluoOptima	10/03/2013 13:23:44
0.2911	0.3089	0.2975	0.3018	0.3027	0.2996	0.3058	0.2931	0.3007	0.3019	0.3022	0.3088
0.2906	1.4212	0.4498	1.0187	1.718	0.8917	0.3508	0.3328	0.3598	0.3429	0.345	0.3009
0.2865	1.0243	0.9378	0.9544	0.8678	0.3125	0.307	0.2919	0.3273	0.3004	0.3088	0.2898
0.2908	0.8007	0.7166	0.7686	0.3575	0.3001	0.3366	0.3051	0.3151	0.2981	0.3086	0.2883
0.283	0.7465	0.4942	0.4837	0.5293	0.4573	0.2982	0.2781	0.3026	0.2812	0.2717	0.2862
0.2867	0.4353	0.4327	0.4174	0.4121	0.3073	0.3065	0.2912	0.3367	0.2679	0.284	0.2858
0.2697	0.3185	0.3072	0.3049	0.3117	0.3097	0.2936	0.2821	0.3014	0.2875	0.2749	0.2874
0.301	0.3264	0.3292	0.3289	0.3441	0.3332	0.3324	0.3411	0.3502	0.3349	0.3103	0.307

Old_ND_9	Old_ND_9	FluoOptima	10/03/2013 13:33:12
0.2822	0.3043	0.296	0.2856	0.2818	0.2879	0.2839	0.2544	0.2681	0.2685	0.2774	0.2951
0.2948	1.5087	1.2184	0.3506	0.3625	0.3298	0.3518	0.3313	0.3498	0.3452	0.3345	0.3001
0.2846	0.9874	0.9449	0.9235	0.5546	0.2998	0.2929	0.2923	0.3131	0.2912	0.3126	0.2875
0.285	0.6761	0.693	0.6296	0.7468	0.3471	0.2964	0.3103	0.3196	0.302	0.3098	0.2877
0.2751	0.2929	0.4785	0.4777	0.5382	0.2786	0.2758	0.2925	0.294	0.2848	0.2741	0.284
0.29	0.3045	0.4107	0.3621	0.4091	0.2931	0.2858	0.2811	0.3059	0.2801	0.2899	0.285
0.2552	0.3039	0.3058	0.2959	0.3082	0.2913	0.2812	0.2766	0.2947	0.2761	0.2856	0.2883
0.2963	0.324	0.3151	0.3371	0.3325	0.3268	0.3277	0.3352	0.3325	0.3251	0.3078	0.3078

Old_ND_10	Old_ND_10	FluoOptima	10/03/2013 13:42:39
0.2733	0.3064	0.2919	0.2804	0.2734	0.2809	0.274	0.2558	0.2627	0.2718	0.2703	0.2757
0.2883	1.4287	1.4413	0.335	1.7865	1.2466	0.3324	0.3324	0.3423	0.3256	0.3276	0.2957
0.268	1.0513	0.7885	0.4494	0.6043	0.6759	0.2768	0.2687	0.312	0.3008	0.3069	0.2829
0.2778	0.6973	0.7421	0.9036	0.692	0.5234	0.5371	0.2955	0.2973	0.2637	0.2711	0.2866
0.2666	0.5617	0.342	0.3499	0.5315	0.4968	0.2761	0.2672	0.2724	0.2486	0.24	0.2848
0.2897	0.3775	0.375	0.3729	0.447	0.3935	0.3685	0.2534	0.2773	0.2656	0.2611	0.2841
0.2625	0.3153	0.303	0.2959	0.2743	0.2857	0.2681	0.2528	0.2639	0.2843	0.2643	0.2839
0.295	0.3242	0.3128	0.3225	0.3306	0.3233	0.3204	0.33	0.3342	0.3192	0.3097	0.2993

Old_ND_11	Old_ND_11	FluoOptima	10/03/2013 13:52:08
0.2792	0.296	0.2921	0.2791	0.2729	0.2845	0.2733	0.2528	0.2594	0.2643	0.2721	0.2803
0.2898	1.3152	1.0201	0.991	0.3471	0.3297	0.3377	0.33	0.3422	0.3252	0.3312	0.295
0.2691	1.2608	1.0885	1.1173	0.8035	0.739	0.8081	0.2699	0.2981	0.2872	0.29	0.2873
0.257	0.9044	0.8235	0.7827	0.4143	0.4607	0.4402	0.2891	0.2978	0.2844	0.2849	0.2856
0.2663	0.482	0.4788	0.6965	0.5297	0.2763	0.2712	0.275	0.2778	0.2463	0.244	0.2833
0.2769	0.6588	0.3601	0.3883	0.4044	0.3855	0.3708	0.2625	0.2728	0.2523	0.2585	0.2859
0.2648	0.3176	0.3053	0.2903	0.3129	0.29	0.2641	0.2491	0.2779	0.2596	0.2616	0.2844
0.2948	0.3257	0.312	0.3203	0.3315	0.3339	0.3287	0.3308	0.3276	0.3204	0.3065	0.3014

Old_ND_12	Old_ND_12	FluoOptima	10/03/2013 14:01:39
0.2808	0.2967	0.2897	0.2775	0.2757	0.2823	0.2736	0.2746	0.2737	0.275	0.27	0.2907
0.2792	1.5111	1.4914	1.1389	0.3592	0.3317	0.348	0.3228	0.3674	0.3399	0.3442	0.3143
0.2532	1.2252	1.0832	1.1888	0.3116	0.2942	0.3006	0.2829	0.3223	0.293	0.3029	0.2894
0.2642	0.8738	0.8433	0.9549	0.7019	0.2869	0.2931	0.2932	0.2975	0.3023	0.2957	0.2935
0.2467	0.542	0.5257	0.5253	0.2864	0.2822	0.2835	0.2682	0.2947	0.262	0.2673	0.293
0.2726	0.4165	0.3747	0.3802	0.3021	0.291	0.2827	0.2676	0.2777	0.2676	0.274	0.2968
0.2793	0.3292	0.3239	0.2964	0.3062	0.2952	0.2725	0.2623	0.2866	0.2713	0.2771	0.2941
0.3004	0.3327	0.3272	0.3272	0.3331	0.333	0.3295	0.3467	0.3391	0.3361	0.3135	0.3118

Old_ND_13	Old_ND_13	FluoOptima	10/03/2013 14:20:59
0.285	0.3116	0.3007	0.2761	0.278	0.2797	0.2788	0.2784	0.2743	0.2864	0.2685	0.2885
0.295	1.4979	0.4903	0.6172	0.7008	0.7644	0.974	1.143	1.0267	0.3296	0.3332	0.2923
0.2825	1.0879	0.9573	0.4669	0.5264	0.359	0.5876	0.5369	0.6423	0.3188	0.2983	0.2786
0.2833	0.7103	0.9843	0.5324	0.625	0.8414	0.6866	0.6323	0.6354	0.394	0.2999	0.282
0.2811	0.4908	0.5804	0.5673	0.355	0.4994	0.4266	0.3904	0.3645	0.3144	0.2804	0.2802
0.2851	0.4382	0.5134	0.5946	0.3989	0.3103	0.369	0.3548	0.3354	0.2941	0.2819	0.2875
0.2838	0.3119	0.3429	0.3767	0.3916	0.3237	0.3043	0.2766	0.2971	0.2791	0.2713	0.2821
0.2954	0.3202	0.3011	0.3119	0.3213	0.3195	0.3153	0.3148	0.3197	0.3146	0.2983	0.3047

Old_ND_14	Old_ND_14	FluoOptima	10/03/2013 14:30:25
0.2974	0.3266	0.3169	0.3145	0.3148	0.3194	0.308	0.3122	0.3177	0.3208	0.308	0.3072
0.308	1.3014	1.1142	0.5007	0.9839	2.2413	0.3476	0.3304	0.3531	0.3423	0.3376	0.3021
0.286	1.0175	0.7481	2.0085	0.4217	0.4904	0.3193	0.3031	0.3222	0.3061	0.3073	0.2924
0.2961	0.7968	0.7731	0.6396	0.5557	0.3523	0.3393	0.3029	0.3172	0.3043	0.3103	0.2859
0.2883	0.5828	0.5536	0.5781	0.3363	0.3505	0.4231	0.2865	0.317	0.2953	0.2793	0.2908
0.2954	0.4593	0.4451	0.4562	0.4869	0.3857	0.3591	0.2908	0.3107	0.2817	0.2966	0.2868
0.2935	0.3243	0.3184	0.3072	0.3383	0.3066	0.3058	0.289	0.2985	0.2868	0.2873	0.2889
0.3046	0.33	0.3248	0.3325	0.3403	0.3338	0.3357	0.3286	0.3259	0.319	0.3038	0.3132

Old_ND_15	Old_ND_15	FluoOptima	10/03/2013 14:39:49
0.296	0.3207	0.3029	0.2937	0.3084	0.3125	0.3062	0.3036	0.309	0.3113	0.2936	0.3071
0.3061	1.3142	0.7266	0.6633	0.4891	0.3644	0.3584	0.3454	0.3662	0.3408	0.3359	0.3009
0.2892	1.1442	0.9996	0.7772	0.3872	0.3308	0.3199	0.3006	0.3306	0.3093	0.3052	0.2869
0.2962	0.8942	0.8709	0.6933	0.6624	0.3208	0.3188	0.3057	0.322	0.3005	0.2995	0.2897
0.2814	0.6472	0.6563	0.6174	0.5263	0.3022	0.3132	0.2942	0.3073	0.2932	0.2869	0.2955
0.2903	0.5062	0.5187	0.5099	0.49	0.329	0.3143	0.2966	0.3078	0.2901	0.2847	0.2884
0.3009	0.3433	0.3361	0.3313	0.3529	0.3039	0.2941	0.2902	0.3017	0.2881	0.2888	0.2917
0.2979	0.3262	0.3185	0.3321	0.3381	0.3314	0.3348	0.3297	0.3296	0.3205	0.308	0.3165

Old_ND_16	Old_ND_16	FluoOptima	10/03/2013 14:49:14
0.2907	0.3054	0.2978	0.2944	0.3019	0.292	0.2973	0.2995	0.2892	0.2992	0.283	0.3072
0.3	0.9591	0.3407	0.3341	0.3549	0.3351	0.3481	0.3404	0.3511	0.3463	0.348	0.3059
0.2859	1.2622	1.1005	0.3	0.3146	0.3045	0.2952	0.2942	0.329	0.3096	0.3085	0.2931
0.2887	0.8135	0.765	0.8498	0.3112	0.2906	0.3053	0.3042	0.3245	0.3158	0.3192	0.2897
0.2805	0.5506	0.5497	0.5208	0.6073	0.2877	0.2937	0.2805	0.3046	0.3034	0.2795	0.288
0.2917	0.4281	0.4349	0.4369	0.4511	0.2971	0.3146	0.2878	0.3137	0.2964	0.2962	0.2878
0.2969	0.3152	0.3212	0.2978	0.3288	0.2926	0.3266	0.2829	0.3061	0.2805	0.2919	0.2909
0.2984	0.3302	0.321	0.3293	0.3326	0.3358	0.3318	0.3328	0.3281	0.3196	0.309	0.3093

Old_ND_17	Old_ND_17	FluoOptima	10/03/2013 14:58:41
0.2961	0.3199	0.305	0.3058	0.3063	0.3085	0.3048	0.3072	0.309	0.3213	0.3029	0.307
0.3026	0.866	0.3504	0.3364	0.3564	0.3346	0.3431	0.3281	0.3575	0.3348	0.3337	0.2968
0.2851	1.1053	0.3222	0.6126	0.3168	0.3066	0.3156	0.299	0.3251	0.3056	0.3088	0.2888
0.2884	0.8414	0.7274	0.5805	0.3195	0.2967	0.3049	0.3009	0.324	0.3061	0.3012	0.285
0.2796	0.7697	0.5501	0.7257	0.3337	0.2931	0.3057	0.2925	0.3172	0.2938	0.2786	0.287
0.2865	0.4536	0.4217	0.4347	0.477	0.2978	0.3095	0.2881	0.3006	0.2884	0.2907	0.2824
0.2913	0.3156	0.3139	0.3072	0.3338	0.3019	0.2965	0.2928	0.2949	0.274	0.2772	0.2835
0.2972	0.3173	0.3134	0.323	0.3301	0.3276	0.3238	0.3297	0.33	0.326	0.3018	0.3051

Old_ND_18	Old_ND_18	FluoOptima	10/03/2013 15:08:10
0.2974	0.319	0.3065	0.3057	0.3125	0.314	0.3065	0.3077	0.3119	0.314	0.3027	0.304
0.3057	0.698	0.5362	0.4575	0.5371	0.3293	0.3375	0.3343	0.3475	0.342	0.3464	0.2948
0.285	1.1087	1.0426	0.3916	0.3934	0.3066	0.3228	0.2989	0.3286	0.3121	0.3133	0.284
0.2897	0.792	0.8067	0.9083	0.3543	0.298	0.3168	0.3065	0.3143	0.3065	0.3014	0.2853
0.2849	0.7282	0.4724	0.4506	0.3512	0.2958	0.3026	0.2857	0.3065	0.2919	0.2872	0.2858
0.2884	0.4374	0.4296	0.4315	0.4934	0.299	0.3057	0.2884	0.3122	0.2833	0.2952	0.2838
0.3001	0.3226	0.3135	0.311	0.3431	0.3075	0.3027	0.2796	0.2989	0.2779	0.2816	0.2862
0.297	0.3267	0.315	0.3247	0.3323	0.3272	0.3219	0.3293	0.3264	0.3175	0.3023	0.3007

Old_ND_19	Old_ND_19	FluoOptima	10/03/2013 15:17:41
0.2958	0.3089	0.2998	0.2949	0.2983	0.3078	0.3022	0.3052	0.3064	0.312	0.289	0.3038
0.2994	1.5346	0.6774	0.9782	0.7541	0.5946	0.5576	0.5099	0.4068	0.3979	0.3539	0.306
0.2874	0.9352	1.0595	0.835	0.6005	0.5355	0.5097	0.4598	0.3609	0.3115	0.3078	0.2941
0.2837	0.6996	0.6939	0.9803	0.9718	0.3755	0.3573	0.3515	0.3476	0.3063	0.3205	0.2956
0.2839	0.5146	0.532	0.952	0.5214	0.9431	0.3255	0.334	0.3221	0.2858	0.2826	0.2943
0.2917	0.412	0.4057	0.4821	0.4655	0.4005	0.3314	0.5919	0.3064	0.2814	0.2834	0.2904
0.2997	0.3156	0.3065	0.3284	0.3348	0.3282	0.3246	0.282	0.2918	0.2881	0.277	0.2913
0.3007	0.3282	0.3148	0.3325	0.3486	0.3359	0.33	0.3345	0.3353	0.3273	0.3115	0.31

Old_ND_20	Old_ND_20	FluoOptima	10/03/2013 15:27:11
0.2883	0.3067	0.2922	0.2897	0.3016	0.2958	0.2891	0.2931	0.2841	0.2919	0.2821	0.2928
0.2969	1.573	1.1904	0.8123	0.9311	0.8297	0.7213	0.716	0.3812	0.3749	0.3342	0.298
0.2721	1.0598	1.2267	1.2184	0.5189	0.4599	0.3916	0.3778	0.3373	0.3207	0.3084	0.285
0.285	0.7784	0.652	0.654	0.6564	0.3877	0.3679	0.3153	0.3148	0.2902	0.2917	0.285
0.2724	0.5216	0.4937	0.4961	0.4874	0.3286	0.317	0.314	0.2978	0.2759	0.2573	0.2858
0.2834	0.4232	0.4133	0.4031	0.4048	0.3555	0.3228	0.2996	0.2963	0.28	0.2728	0.2847
0.2743	0.3042	0.2992	0.3126	0.3426	0.311	0.3005	0.2801	0.291	0.2699	0.2689	0.2782
0.3051	0.328	0.3089	0.3207	0.3324	0.3299	0.3322	0.3336	0.3259	0.3179	0.3049	0.3028

Old_ND_21	Old_ND_21	FluoOptima	10/03/2013 15:36:39
0.2897	0.3105	0.3019	0.2992	0.2973	0.306	0.295	0.2929	0.285	0.3084	0.2843	0.3024
0.3012	1.2627	0.3499	0.3411	0.3551	0.335	0.3474	0.3378	0.3529	0.3388	0.3407	0.3034
0.2815	0.9758	1.0134	0.9095	0.6862	0.2987	0.3149	0.309	0.3294	0.3136	0.3116	0.294
0.2892	0.7404	0.7	0.4797	0.6301	0.4185	0.3076	0.3139	0.321	0.3035	0.3046	0.2941
0.2822	0.5085	0.5178	0.4717	0.4199	0.3628	0.3029	0.27	0.2989	0.2772	0.2735	0.2905
0.2921	0.3998	0.3946	0.3719	0.4071	0.3078	0.2991	0.2841	0.2997	0.2787	0.2924	0.2906
0.2921	0.3176	0.3438	0.3175	0.3361	0.3038	0.2983	0.2796	0.2971	0.2877	0.2779	0.2914
0.3003	0.3273	0.3141	0.3288	0.3382	0.3356	0.3303	0.339	0.3346	0.3301	0.3081	0.3141

Old_ND_22	Old_ND_22	FluoOptima	10/03/2013 15:46:07
0.2882	0.3123	0.2775	0.2771	0.2784	0.2917	0.2928	0.2958	0.2495	0.2961	0.2785	0.2927
0.2966	1.5814	1.4901	1.1764	1.2602	1.2719	1.0627	0.6497	0.4532	0.3791	0.3249	0.2914
0.2787	1.0365	1.1192	0.8699	0.7797	0.7737	0.9306	0.5648	0.4623	0.332	0.3047	0.2785
0.2867	0.8598	0.7347	0.3852	0.6561	0.5626	0.5645	0.4944	0.5278	0.3137	0.3014	0.2827
0.2715	0.6026	0.4218	0.3844	0.4106	0.4538	0.4121	0.4413	0.3572	0.2896	0.2634	0.2795
0.2836	0.329	0.3578	0.3658	0.3769	0.3829	0.388	0.3619	0.3745	0.2758	0.2812	0.2803
0.2834	0.3164	0.3018	0.2972	0.3312	0.3128	0.288	0.2787	0.2947	0.2797	0.2812	0.2823
0.2981	0.3224	0.3149	0.3258	0.3307	0.3358	0.3224	0.3339	0.3314	0.3159	0.3033	0.3034

Old_ND_23	Old_ND_23	FluoOptima	10/03/2013 15:55:37
0.2915	0.3109	0.308	0.307	0.3019	0.3041	0.3002	0.2924	0.2927	0.3059	0.292	0.299
0.3039	1.1391	1.4331	1.435	1.4194	1.355	1.1405	0.7648	0.4268	0.3973	0.3404	0.3011
0.2825	1.0816	0.8907	1.0732	0.8355	0.8349	0.7064	0.6452	0.3718	0.3038	0.3126	0.2902
0.2836	0.6613	0.5951	0.8256	0.6593	0.5008	0.5078	0.5116	0.3644	0.3082	0.3063	0.2898
0.2787	0.46	0.4708	0.4725	0.5071	0.4064	0.427	0.3973	0.3104	0.2927	0.2803	0.288
0.2879	0.3783	0.3816	0.3655	0.4015	0.3751	0.3586	0.3519	0.3079	0.2977	0.2919	0.2865
0.298	0.3233	0.3185	0.3068	0.2856	0.3198	0.3002	0.2939	0.3097	0.2657	0.2896	0.2874
0.2966	0.3335	0.3175	0.3266	0.3371	0.3336	0.3389	0.3323	0.3367	0.3251	0.3116	0.3074


Old_ND_24	Old_ND_24	FluoOptima	10/03/2013 15:55:37
0.2832	0.3098	0.2952	0.2897	0.2906	0.2965	0.2931	0.2819	0.2942	0.2921	0.2845	0.29
0.2942	1.027	0.4588	0.6249	1.1502	0.8546	0.3346	0.59	0.3412	0.3231	0.3267	0.2917
0.2813	1.1965	0.7814	0.5561	0.6975	1.1181	0.677	0.2883	0.3124	0.2927	0.3008	0.2742
0.2903	0.6765	0.8744	0.7459	0.5928	0.5439	0.7997	0.3372	0.3916	0.2875	0.2962	0.2763
0.2811	0.492	0.6762	0.4691	0.4767	0.5299	0.6059	0.2919	0.2968	0.2768	0.2568	0.2748
0.2882	0.4086	0.3821	0.3576	0.3934	0.3821	0.3886	0.2865	0.2949	0.2713	0.2635	0.2794
0.2928	0.3169	0.3059	0.3017	0.3136	0.3011	0.3052	0.2741	0.2963	0.2746	0.2613	0.2811
0.2941	0.3198	0.3099	0.3175	0.3246	0.3246	0.3147	0.3196	0.3202	0.3089	0.2962	0.2963

