Old_ND_1	Old_ND_1	FluoOptima	10/04/2013 10:05:07
0.3037	0.3105	0.3145	0.3186	0.3117	0.3281	0.318	0.321	0.3294	0.3273	0.3151	0.3194
0.3088	1.4317	1.2407	0.346	0.3542	0.8592	0.3967	0.335	0.361	0.3409	0.3511	0.3095
0.2936	1.151	1.1599	0.8746	2.1692	0.5482	0.3315	0.3046	0.3291	0.3134	0.3091	0.294
0.296	0.7746	0.72	0.7255	0.6321	0.5935	0.3776	0.3099	0.3223	0.3058	0.3199	0.2954
0.2872	0.569	0.5087	0.7144	0.3721	0.3349	0.3112	0.3056	0.3095	0.2939	0.2912	0.2925
0.2989	0.474	0.4538	0.476	0.4381	0.3165	0.3163	0.3024	0.3135	0.2863	0.2885	0.2916
0.2995	0.3443	0.333	0.3328	0.3969	0.3186	0.309	0.2989	0.318	0.3058	0.2818	0.2932
0.2999	0.3246	0.3179	0.3238	0.3319	0.3309	0.3291	0.333	0.3298	0.3176	0.3085	0.3093

Old_ND_2	Old_ND_2	FluoOptima	10/04/2013 10:14:32
0.3041	0.3316	0.3196	0.3194	0.3187	0.3257	0.3168	0.3215	0.3284	0.3275	0.3175	0.3143
0.313	1.3068	1.404	0.34	0.3554	0.3376	0.3483	0.334	0.3503	0.336	0.3329	0.3057
0.2969	1.2073	0.9911	0.8313	0.324	0.3138	0.3167	0.3096	0.3204	0.3056	0.3152	0.2946
0.2983	0.7895	0.8179	0.7938	0.941	0.3021	0.3119	0.3006	0.3251	0.2996	0.3089	0.2941
0.293	0.6404	0.5625	0.5409	0.5074	0.2982	0.3054	0.2946	0.32	0.2943	0.2846	0.2879
0.2998	0.455	0.4505	0.428	0.4271	0.306	0.3093	0.3006	0.3076	0.2961	0.2936	0.2886
0.3037	0.3478	0.3087	0.3374	0.3229	0.3121	0.3017	0.2958	0.3079	0.3008	0.285	0.2909
0.3053	0.3264	0.3215	0.3276	0.3379	0.3335	0.3283	0.3344	0.3374	0.3227	0.3097	0.3065

Old_ND_3	Old_ND_3	FluoOptima	10/04/2013 10:23:58
0.2973	0.3117	0.3112	0.302	0.3026	0.3095	0.3022	0.3007	0.3135	0.3135	0.3105	0.3134
0.3092	1.2668	0.9141	0.339	0.3458	0.3265	0.3416	0.3351	0.3592	0.3359	0.3402	0.3061
0.2908	1.0152	1.2399	0.6853	0.3156	0.302	0.3078	0.3021	0.3185	0.3053	0.3122	0.2891
0.294	0.8154	0.699	0.7759	0.6557	0.2905	0.3229	0.3022	0.3211	0.3008	0.3057	0.2917
0.2878	0.5473	0.5444	0.2891	0.3007	0.2958	0.3085	0.2976	0.305	0.2897	0.2866	0.2935
0.297	0.3035	0.4171	0.4168	0.3775	0.3012	0.3086	0.2925	0.3022	0.2769	0.2843	0.2925
0.3019	0.3116	0.3121	0.3011	0.383	0.3187	0.3151	0.2939	0.3077	0.3086	0.2925	0.2937
0.3002	0.3263	0.3191	0.3251	0.3343	0.3328	0.3341	0.3408	0.3387	0.3248	0.3156	0.3082

Old_ND_4	Old_ND_4	FluoOptima	10/04/2013 10:33:25
0.2876	0.3164	0.2908	0.2693	0.2744	0.2753	0.2787	0.2777	0.282	0.2846	0.2773	0.298
0.299	1.1962	0.3358	0.3308	0.3429	0.3199	0.3379	0.3195	0.3372	0.3232	0.3344	0.2989
0.2813	1.2223	0.5416	0.2905	0.3052	0.2956	0.2997	0.2929	0.3146	0.3036	0.3062	0.2834
0.2847	0.7627	0.8512	0.4681	0.3037	0.2973	0.3057	0.2937	0.3171	0.2928	0.3063	0.284
0.2778	0.6352	0.5259	0.4785	0.286	0.2894	0.2953	0.287	0.3072	0.2838	0.2856	0.2781
0.2912	0.4083	0.4391	0.3724	0.386	0.2984	0.2989	0.2849	0.3062	0.2855	0.2817	0.282
0.2965	0.3147	0.3052	0.2957	0.3507	0.3053	0.3018	0.2842	0.2941	0.28	0.2798	0.2833
0.2955	0.3172	0.3038	0.3115	0.3153	0.3158	0.3116	0.318	0.3227	0.3157	0.3005	0.2981

Old_ND_5	Old_ND_5	FluoOptima	10/04/2013 10:42:54
0.2928	0.3108	0.3027	0.3029	0.2955	0.3053	0.2965	0.2941	0.3092	0.2904	0.2822	0.2932
0.3021	0.6168	0.5741	0.8129	0.3423	0.3301	0.3362	0.3204	0.3475	0.3275	0.3271	0.297
0.284	0.5797	0.3083	0.2964	0.5871	0.2996	0.3099	0.2893	0.3101	0.2974	0.3013	0.2802
0.2794	0.976	0.9694	0.6718	0.306	0.2924	0.3081	0.3042	0.3181	0.301	0.307	0.286
0.2815	0.7696	0.7523	0.7052	0.2889	0.2913	0.2985	0.2907	0.3041	0.2888	0.2789	0.2828
0.2904	0.3982	0.3264	0.6073	0.3992	0.2991	0.3079	0.2906	0.308	0.2937	0.2872	0.282
0.2949	0.3029	0.3111	0.297	0.3229	0.3073	0.3152	0.285	0.3067	0.2815	0.2777	0.2807
0.2947	0.3206	0.3092	0.318	0.3233	0.324	0.3221	0.3332	0.3265	0.3114	0.2989	0.2978

Old_ND_6	Old_ND_6	FluoOptima	10/04/2013 10:52:22
0.2874	0.3171	0.3043	0.3045	0.2886	0.2987	0.2964	0.2829	0.2785	0.2804	0.2841	0.293
0.3031	0.3406	1.5912	0.3302	0.3432	0.3322	0.3343	0.3218	0.3463	0.3268	0.3309	0.294
0.2863	0.3078	0.3198	0.2959	0.3104	0.2994	0.3075	0.2938	0.3087	0.2966	0.3051	0.2806
0.2831	0.3015	0.4176	0.2878	0.305	0.2932	0.3061	0.3028	0.3214	0.2961	0.3121	0.2829
0.2813	0.2878	0.2944	0.285	0.2861	0.2947	0.3036	0.2908	0.304	0.2924	0.2809	0.2786
0.289	0.3015	0.3003	0.2873	0.3038	0.2987	0.3051	0.2916	0.3016	0.2897	0.2834	0.2778
0.2923	0.3031	0.3001	0.2967	0.3123	0.3048	0.3077	0.2868	0.3041	0.2732	0.2753	0.2771
0.2916	0.3192	0.3048	0.3159	0.3259	0.3193	0.3137	0.3203	0.3249	0.312	0.3003	0.297

Old_ND_7	Old_ND_7	FluoOptima	10/04/2013 11:01:53
0.2948	0.3166	0.3045	0.3001	0.2915	0.3006	0.2898	0.2752	0.2702	0.2772	0.2791	0.3057
0.3073	1.2738	0.429	1.4688	0.3915	2.1091	0.4428	0.3333	0.3531	0.3418	0.3439	0.3019
0.2899	1.1182	1.0929	0.3848	1.8985	0.48	0.3247	0.3097	0.3222	0.3725	0.314	0.2898
0.3025	0.8117	0.7696	1.1449	1.055	0.4773	0.322	0.3079	0.3279	0.3092	0.3123	0.2894
0.2967	0.7449	0.5516	0.5699	0.5539	0.3725	0.3149	0.4786	0.3014	0.2857	0.2824	0.2845
0.2919	0.4471	0.4769	0.5755	0.3286	0.3063	0.3169	0.2958	0.3014	0.3009	0.2924	0.2899
0.3003	0.3458	0.3134	0.3005	0.3215	0.3238	0.3194	0.2912	0.3177	0.2933	0.295	0.2913
0.2982	0.3347	0.3234	0.326	0.3329	0.3301	0.3602	0.3352	0.3397	0.3216	0.3086	0.3066

Old_ND_8	Old_ND_8	FluoOptima	10/04/2013 11:11:23
0.2987	0.3248	0.3084	0.3121	0.3039	0.3081	0.3077	0.3033	0.3081	0.3068	0.2997	0.312
0.3088	1.261	1.1578	0.3486	0.3454	0.3302	0.3411	0.3362	0.3494	0.3304	0.3416	0.2999
0.2924	1.0168	0.9625	0.5257	0.8448	0.3039	0.3108	0.2922	0.3286	0.2799	0.3035	0.2835
0.2915	0.775	0.7901	0.7091	0.8372	0.2984	0.3122	0.2906	0.3227	0.3041	0.295	0.287
0.284	0.4984	0.6179	0.5288	0.4863	0.2917	0.3002	0.2952	0.3059	0.2892	0.2799	0.2873
0.2874	0.4088	0.4277	0.3873	0.4303	0.2955	0.303	0.2883	0.2936	0.2848	0.2775	0.2874
0.2955	0.3066	0.3056	0.2968	0.3219	0.3092	0.3136	0.2873	0.3121	0.2887	0.2921	0.2863
0.3021	0.3211	0.3191	0.3246	0.3329	0.3277	0.3262	0.3339	0.3316	0.3183	0.3091	0.3082

Old_ND_9	Old_ND_9	FluoOptima	10/04/2013 11:20:50
0.3005	0.3238	0.3103	0.3084	0.3071	0.3133	0.3077	0.3214	0.3212	0.3287	0.3084	0.3096
0.3101	1.3815	1.3206	0.355	0.3514	0.3287	0.3467	0.3357	0.3538	0.337	0.3406	0.2986
0.2936	1.0257	1.2503	0.9147	0.3161	0.3019	0.3051	0.3078	0.3151	0.3027	0.3121	0.288
0.2948	0.8079	0.7886	1.009	0.6343	0.3	0.315	0.2993	0.3155	0.3042	0.3081	0.2893
0.2923	0.5264	0.539	0.7822	0.5504	0.2936	0.304	0.2926	0.3033	0.2839	0.2841	0.2827
0.2985	0.4182	0.676	0.4028	0.3971	0.3008	0.3088	0.2871	0.2948	0.2894	0.2868	0.2818
0.2983	0.3129	0.3066	0.3009	0.3214	0.308	0.3135	0.2872	0.3095	0.2956	0.2792	0.2871
0.306	0.338	0.3309	0.3395	0.344	0.3384	0.3315	0.3346	0.3362	0.3226	0.3066	0.3069

Old_ND_10	Old_ND_10	FluoOptima	10/04/2013 11:30:18
0.2975	0.3253	0.3104	0.3059	0.3032	0.3092	0.3045	0.3014	0.3229	0.3103	0.3018	0.3091
0.3076	1.3466	0.6373	0.3601	1.203	1.2473	1.1611	0.3277	0.3481	0.3343	0.3386	0.2963
0.2949	0.9796	1.0363	1.2846	0.7653	0.7064	0.829	0.2955	0.3176	0.2918	0.2933	0.2828
0.2953	1.0358	0.95	0.6482	0.6604	0.5492	0.6849	0.8266	0.3163	0.3012	0.2968	0.2868
0.2853	0.4359	0.7674	0.532	0.5179	0.4302	0.3693	0.7251	0.2955	0.2725	0.2807	0.2851
0.299	0.4526	0.6231	0.4127	0.4185	0.3774	0.3986	0.2822	0.2957	0.2844	0.288	0.2832
0.3068	0.3194	0.3226	0.3117	0.3344	0.3245	0.2905	0.289	0.317	0.3005	0.2794	0.2886
0.2992	0.3225	0.3194	0.3237	0.3327	0.3314	0.3266	0.3374	0.3356	0.3172	0.3044	0.3014

Old_ND_11	Old_ND_11	FluoOptima	10/04/2013 11:39:48
0.2984	0.3223	0.3112	0.3058	0.3075	0.3156	0.3076	0.3077	0.3108	0.3244	0.303	0.3102
0.3098	1.4597	0.8394	1.2423	1.349	0.3274	0.3524	0.3285	0.366	0.3446	0.3402	0.3025
0.2892	1.0565	0.8376	1.0919	0.3264	0.7294	0.704	0.2987	0.3138	0.3059	0.3081	0.2872
0.2936	0.9682	0.9628	0.6831	0.5078	0.298	0.4735	0.2954	0.3249	0.2967	0.3153	0.2868
0.2855	0.574	0.5048	0.534	0.6723	0.2932	0.3081	0.2971	0.318	0.2893	0.2805	0.2844
0.2966	0.4061	0.3961	0.404	0.7211	0.3781	0.3067	0.2877	0.2963	0.2895	0.2986	0.2832
0.2993	0.328	0.3238	0.3056	0.3313	0.3203	0.2958	0.2862	0.3087	0.2876	0.2883	0.2838
0.2992	0.3214	0.3206	0.3235	0.3349	0.3333	0.3299	0.3366	0.3455	0.3276	0.3085	0.3046

Old_ND_12	Old_ND_12	FluoOptima	10/04/2013 11:49:21
0.2943	0.3071	0.3033	0.2974	0.2986	0.3059	0.3019	0.2983	0.319	0.312	0.3065	0.3062
0.306	1.1316	1.1464	0.3369	0.3565	0.3267	0.3537	0.3281	0.359	0.3474	0.3362	0.293
0.2821	1.2638	1.4872	0.9671	0.3126	0.3	0.303	0.2895	0.3112	0.2969	0.3027	0.2801
0.2827	0.7581	0.9635	0.2998	0.9919	0.2942	0.3085	0.3035	0.3179	0.293	0.3011	0.2849
0.2726	0.4685	0.7466	0.4951	0.2955	0.2892	0.3069	0.2779	0.3023	0.2955	0.2754	0.2833
0.2847	0.3979	0.3848	0.3879	0.4483	0.2985	0.3042	0.2941	0.311	0.2911	0.2847	0.2836
0.2914	0.3319	0.2885	0.3376	0.3242	0.3109	0.3147	0.296	0.3239	0.3082	0.2954	0.2872
0.2984	0.3291	0.3218	0.3323	0.3381	0.3339	0.3263	0.3329	0.3285	0.3196	0.3064	0.3011

Old_ND_13	Old_ND_13	FluoOptima	10/04/2013 12:00:50
0.2914	0.3153	0.3035	0.3039	0.298	0.3087	0.3028	0.2914	0.3041	0.3147	0.2919	0.3051
0.3017	1.3583	0.7867	0.9418	0.6045	0.5965	0.7794	0.5568	0.3626	0.6705	0.3428	0.3002
0.2855	1.2232	0.8138	0.9201	0.6808	0.5166	1.2961	0.6963	0.6022	0.3018	0.3112	0.2866
0.2868	0.7493	0.8023	0.7839	0.6273	0.9224	0.4165	0.306	0.3155	0.2669	0.3043	0.287
0.2826	0.502	0.5793	0.5395	0.4282	0.3931	0.3871	0.5497	0.4802	0.2796	0.2783	0.2837
0.2901	0.4426	0.4784	0.6379	0.4238	0.3435	0.3113	0.2998	0.296	0.3355	0.2877	0.282
0.2952	0.3112	0.3142	0.3256	0.3185	0.3124	0.3033	0.2881	0.3072	0.2909	0.2831	0.2847
0.2942	0.3122	0.3066	0.3206	0.3259	0.3244	0.3219	0.3198	0.3281	0.3123	0.2998	0.304

Old_ND_14	Old_ND_14	FluoOptima	10/04/2013 12:10:16
0.296	0.3233	0.31	0.3058	0.298	0.3068	0.2985	0.2867	0.2735	0.2994	0.304	0.3092
0.3041	1.2887	1.339	0.3433	0.36	0.6398	0.5008	0.3309	0.3591	0.3379	0.3601	0.302
0.2915	0.9774	1.0619	0.7788	0.8704	0.5942	0.3095	0.2962	0.3223	0.3026	0.304	0.2884
0.2873	0.8273	0.8315	0.7207	0.4494	0.4862	0.3131	0.3141	0.3292	0.3071	0.3149	0.2887
0.2852	0.5996	0.5639	0.5533	0.5581	0.5694	0.308	0.2905	0.3069	0.2824	0.2854	0.2871
0.2922	0.475	0.4661	0.443	0.4552	0.3555	0.3649	0.3138	0.3104	0.2921	0.2872	0.2858
0.2961	0.3405	0.3188	0.2999	0.3338	0.3183	0.3208	0.3004	0.3051	0.3007	0.2775	0.2894
0.2964	0.3234	0.3125	0.3287	0.3342	0.3325	0.3268	0.3385	0.332	0.3249	0.3137	0.3067

Old_ND_15	Old_ND_15	FluoOptima	10/04/2013 12:19:42
0.2935	0.3183	0.3145	0.3059	0.3029	0.3147	0.3052	0.296	0.3074	0.3266	0.3084	0.3112
0.3087	1.4495	1.2463	1.2639	1.4304	1.2094	0.6841	0.3675	0.4784	0.3503	0.3477	0.3021
0.2942	0.8657	0.8752	1.2941	0.6015	0.52	0.5197	0.2984	0.3176	0.3126	0.3083	0.2906
0.2925	0.7837	0.78	0.758	0.7138	0.2934	0.7871	0.3168	0.3143	0.3027	0.3184	0.2898
0.2855	0.6118	0.608	0.5611	0.5087	0.2978	0.3031	0.2927	0.2698	0.2978	0.2938	0.284
0.3331	0.4893	0.5042	0.4585	0.3898	0.3694	0.3118	0.2949	0.3119	0.2995	0.2963	0.2861
0.3006	0.3088	0.3073	0.2988	0.3131	0.3164	0.3137	0.2912	0.3021	0.3006	0.2925	0.2979
0.3004	0.3238	0.3179	0.3329	0.3348	0.3365	0.3383	0.3418	0.3444	0.3321	0.3124	0.3087

Old_ND_16	Old_ND_16	FluoOptima	10/04/2013 12:29:07
0.2976	0.3161	0.3027	0.3054	0.3033	0.3107	0.313	0.3061	0.3144	0.3196	0.3054	0.3093
0.3067	1.1205	1.231	1.1503	0.9538	0.3586	0.3316	0.332	0.3445	0.3324	0.3343	0.2958
0.3	0.8177	0.815	0.9216	0.3148	0.6165	0.3177	0.2976	0.3278	0.3048	0.306	0.2849
0.294	0.8901	0.7752	0.7163	0.6448	0.5109	0.3182	0.2987	0.3174	0.3026	0.3064	0.2853
0.2893	0.6969	0.5056	0.5116	0.604	0.3889	0.3065	0.2932	0.3142	0.2868	0.2849	0.2848
0.2973	0.4154	0.4093	0.5281	0.4176	0.3829	0.3044	0.2995	0.3045	0.2938	0.286	0.2802
0.3028	0.3242	0.3187	0.3044	0.3257	0.319	0.3219	0.2976	0.3195	0.3086	0.283	0.2873
0.3005	0.3257	0.3219	0.3295	0.3327	0.3306	0.3313	0.3346	0.3325	0.3213	0.3049	0.3047

Old_ND_17	Old_ND_17	FluoOptima	10/04/2013 12:38:36
0.2973	0.3281	0.3155	0.3148	0.3132	0.3198	0.3117	0.3089	0.3166	0.317	0.3103	0.3079
0.3119	1.4158	1.2194	0.347	0.3612	0.3728	0.3515	0.3403	0.3599	0.3444	0.3437	0.2956
0.2961	1.3014	1.2404	1.0112	0.3275	0.3105	0.3113	0.3065	0.3205	0.3001	0.3075	0.2839
0.2947	0.8905	0.7438	0.7769	0.4569	0.3174	0.3109	0.3029	0.3223	0.3062	0.3066	0.2855
0.2933	0.5359	0.5375	0.5326	0.5348	0.3136	0.3049	0.2932	0.314	0.302	0.2821	0.2795
0.2979	0.4274	0.4112	0.4313	0.5331	0.306	0.3171	0.2953	0.3078	0.2852	0.2897	0.283
0.3058	0.3239	0.3127	0.308	0.3412	0.3172	0.3228	0.2946	0.318	0.2826	0.289	0.2829
0.3018	0.328	0.322	0.3354	0.3386	0.3376	0.3343	0.3339	0.3332	0.3206	0.3045	0.3016

Old_ND_18	Old_ND_18	FluoOptima	10/04/2013 12:48:08
0.2969	0.3254	0.3156	0.3126	0.3105	0.3166	0.3111	0.3097	0.3143	0.3201	0.3082	0.3049
0.3177	1.1489	1.169	0.3495	0.3553	0.3482	0.3432	0.3177	0.3536	0.342	0.3335	0.2954
0.2935	0.9463	0.7458	0.7215	0.3127	0.3039	0.3098	0.3029	0.3161	0.2969	0.3105	0.2841
0.2933	0.6448	0.6106	0.518	0.5354	0.2972	0.3058	0.3016	0.3122	0.2961	0.3101	0.2847
0.2895	0.446	0.5245	0.4724	0.4275	0.3265	0.3034	0.2898	0.3144	0.2896	0.2902	0.2819
0.2968	0.3761	0.4108	0.4202	0.4022	0.2858	0.2995	0.2849	0.3098	0.292	0.2942	0.2821
0.3005	0.3106	0.3061	0.2995	0.3188	0.3082	0.3114	0.2924	0.2931	0.2962	0.2787	0.2855
0.3002	0.3233	0.3185	0.3246	0.3285	0.3216	0.3226	0.3303	0.3247	0.3217	0.3036	0.3028

Old_ND_19	Old_ND_19	FluoOptima	10/04/2013 12:57:39
0.2983	0.3187	0.3099	0.3064	0.3058	0.3114	0.3075	0.3109	0.3146	0.3157	0.3083	0.3069
0.3094	1.4487	1.797	1.326	0.4859	1.5317	0.5963	2.103	0.5037	0.3517	0.3376	0.2954
0.2944	1.0494	1.0723	0.7066	0.484	2.0997	0.5633	0.8351	0.4345	0.3754	0.3053	0.2834
0.2956	0.7314	0.6986	0.7521	1.0525	0.4214	0.4957	0.3632	0.4004	0.4225	0.3114	0.2871
0.2883	0.5004	0.4742	0.508	0.5134	0.5322	0.3538	0.3482	0.3296	0.2888	0.2885	0.2865
0.2975	0.4436	0.3842	0.4814	0.4516	0.3374	0.3471	0.3159	0.3321	0.2958	0.2908	0.2831
0.3049	0.3588	0.3287	0.3109	0.341	0.3203	0.3215	0.303	0.3177	0.3123	0.2725	0.2842
0.2981	0.3244	0.3139	0.3273	0.3311	0.3258	0.3269	0.3307	0.3366	0.3216	0.3083	0.3023

Old_ND_20	Old_ND_20	FluoOptima	10/04/2013 13:07:08
0.2859	0.3	0.2918	0.2812	0.2752	0.2667	0.2737	0.2692	0.2763	0.274	0.2841	0.2979
0.2988	1.1397	1.6554	1.5275	0.3429	0.4074	0.3356	0.3532	0.4205	0.3355	0.3366	0.2922
0.2839	0.8863	0.9423	0.8841	0.3972	0.708	0.5054	0.2894	0.3135	0.3056	0.3009	0.2782
0.2885	0.6833	0.7253	0.746	0.7655	0.7972	0.3051	0.298	0.3165	0.3021	0.3072	0.2909
0.2826	0.5097	0.5208	0.6677	0.5315	0.5019	0.3253	0.289	0.3063	0.2889	0.2796	0.2817
0.288	0.4293	0.4352	0.4824	0.4725	0.3475	0.3014	0.2892	0.3072	0.2962	0.2843	0.2808
0.2926	0.3431	0.3054	0.3228	0.3572	0.311	0.3048	0.2845	0.3094	0.2995	0.2801	0.2797
0.2915	0.3152	0.3009	0.3111	0.3152	0.3158	0.312	0.3162	0.3202	0.3135	0.3001	0.2968

Old_ND_21	Old_ND_21	FluoOptima	10/04/2013 13:16:36
0.2949	0.3172	0.301	0.2945	0.3002	0.2974	0.2974	0.284	0.275	0.3012	0.2853	0.3074
0.3037	1.2542	1.182	1.0422	0.9158	0.6247	0.3406	0.3291	0.356	0.3315	0.3492	0.3013
0.2906	0.9526	0.984	0.8973	0.8721	0.6112	0.2998	0.2963	0.3148	0.2947	0.31	0.2866
0.2883	0.7446	0.742	0.7474	0.6071	0.5106	0.3015	0.3056	0.3136	0.2943	0.3041	0.2859
0.2838	0.4422	0.5305	0.4719	0.4968	0.4011	0.294	0.2824	0.301	0.285	0.2843	0.2847
0.2937	0.4092	0.3951	0.3745	0.5592	0.3982	0.306	0.2951	0.3038	0.2829	0.293	0.2846
0.2963	0.3019	0.3042	0.2946	0.319	0.3089	0.3018	0.2888	0.3148	0.2987	0.2911	0.2867
0.2939	0.3142	0.3056	0.3105	0.3207	0.3201	0.3141	0.323	0.3207	0.3136	0.3019	0.3052

Old_ND_22	Old_ND_22	FluoOptima	10/04/2013 13:26:04
0.2854	0.3049	0.3009	0.2894	0.2645	0.2665	0.2566	0.2516	0.2739	0.2854	0.2721	0.2896
0.2964	1.3946	1.0887	0.8453	0.99	1.0174	1.129	0.6659	0.6369	0.4522	0.3313	0.2853
0.2779	1.1122	0.9304	0.896	0.7084	0.7724	0.8022	0.941	0.5213	0.4127	0.2981	0.2745
0.2824	0.6564	0.6537	0.5292	0.6159	0.5568	0.7254	0.872	0.7545	0.3493	0.3036	0.2739
0.2727	0.52	0.4785	0.4261	0.4808	0.4132	0.4227	0.4521	0.4035	0.3326	0.2787	0.2698
0.2835	0.4261	0.4104	0.3793	0.3995	0.4014	0.3685	0.3478	0.3683	0.2971	0.2817	0.2706
0.2853	0.3059	0.2986	0.2928	0.3162	0.3025	0.292	0.2833	0.2976	0.2718	0.2712	0.2714
0.2845	0.305	0.2959	0.3048	0.3118	0.3122	0.3042	0.3143	0.3135	0.3003	0.2928	0.2884

Old_ND_23	Old_ND_23	FluoOptima	10/04/2013 13:35:34
0.291	0.3121	0.3081	0.3019	0.2944	0.304	0.2953	0.2893	0.2909	0.2909	0.2782	0.2991
0.301	1.4469	1.5608	0.8421	1.0951	0.4935	0.4333	0.3296	0.3491	0.3332	0.337	0.2935
0.2854	1.0108	1.1606	0.9816	0.6484	0.4944	0.4077	0.289	0.3174	0.3039	0.3054	0.2798
0.2872	0.9176	0.9164	0.6348	0.6046	0.4436	0.3251	0.3014	0.32	0.2968	0.3022	0.2808
0.2819	0.4741	0.5248	0.5077	0.4652	0.3943	0.3941	0.2887	0.3053	0.2828	0.2815	0.2775
0.2885	0.3956	0.4004	0.4019	0.4341	0.3409	0.3203	0.2896	0.3042	0.2838	0.2896	0.2776
0.2918	0.3176	0.3079	0.2988	0.3181	0.308	0.3119	0.2842	0.299	0.2933	0.2835	0.281
0.2922	0.3155	0.3018	0.3174	0.3207	0.3182	0.3136	0.3189	0.3232	0.3128	0.2972	0.2963

Old_ND_24	Old_ND_24	FluoOptima	10/04/2013 13:45:06
0.2962	0.3237	0.3113	0.3127	0.3259	0.3183	0.3111	0.3036	0.2997	0.3123	0.2969	0.3094
0.3052	1.261	0.7085	0.7165	1.5024	1.5125	1.4637	0.6901	0.5689	0.4562	0.3566	0.3063
0.2895	1.0195	1.07	0.6048	1.1791	1.1425	0.8451	0.8932	0.4498	0.3969	0.3126	0.2882
0.2872	0.685	0.7899	0.7422	0.9692	0.9369	0.8742	0.8305	0.4632	0.3574	0.3122	0.288
0.2871	0.5075	0.4985	0.5151	0.6773	0.7557	0.4836	0.4519	0.4042	0.3217	0.2984	0.285
0.2959	0.416	0.409	0.388	0.6461	0.431	0.4018	0.3685	0.3605	0.3058	0.3062	0.2854
0.2991	0.3234	0.3156	0.3102	0.3266	0.3127	0.3202	0.2943	0.2909	0.3062	0.296	0.2892
0.2935	0.3208	0.3073	0.3211	0.329	0.3278	0.3185	0.3274	0.3246	0.3136	0.3033	0.3053

