Old_1	Old_1	FluoOptima	10/24/2013 15:44:52
0.3089	0.3272	0.3132	0.3087	0.3067	0.3165	0.3143	0.3051	0.3167	0.3186	0.3116	0.3142
0.3172	0.4577	0.3259	0.313	0.3323	0.3244	0.3217	0.3102	0.3329	0.3122	0.3136	0.3118
0.3043	0.3128	0.3159	0.3055	0.3155	0.3033	0.3066	0.2986	0.3101	0.2948	0.2891	0.298
0.3022	0.3092	0.3119	0.2892	0.3187	0.3042	0.3159	0.3104	0.32	0.2981	0.3039	0.3017
0.2937	0.3003	0.3009	0.2938	0.3049	0.302	0.3128	0.2979	0.3098	0.2893	0.2851	0.3009
0.3035	0.3136	0.3084	0.3001	0.3114	0.3153	0.3157	0.2994	0.3152	0.301	0.2957	0.2983
0.3082	0.3142	0.3098	0.3055	0.3238	0.3072	0.3151	0.3053	0.3177	0.3103	0.2997	0.2941
0.3085	0.3301	0.3229	0.3276	0.3346	0.3354	0.3372	0.3335	0.3292	0.321	0.3101	0.3101

Old_2	Old_2	FluoOptima	10/24/2013 15:54:17
0.3098	0.3313	0.3114	0.307	0.3096	0.3218	0.3118	0.3058	0.3047	0.3139	0.3109	0.3158
0.3193	0.3338	0.3224	0.3161	0.3284	0.3066	0.3233	0.3099	0.3271	0.3123	0.312	0.3073
0.2999	0.3102	0.3022	0.2934	0.306	0.3006	0.3063	0.2953	0.3087	0.287	0.2884	0.2963
0.3002	0.3142	0.3071	0.2877	0.3125	0.3018	0.3129	0.3125	0.3077	0.2914	0.2989	0.2965
0.2949	0.2973	0.303	0.2871	0.2998	0.2961	0.3125	0.2908	0.3089	0.2841	0.2855	0.2944
0.2999	0.3049	0.2974	0.2915	0.3088	0.3039	0.3116	0.2938	0.3076	0.2831	0.2946	0.2964
0.2996	0.309	0.2975	0.2927	0.3113	0.2988	0.3194	0.2955	0.3057	0.304	0.2964	0.2946
0.3039	0.3278	0.3186	0.3211	0.3312	0.3296	0.3243	0.3324	0.3308	0.3161	0.3037	0.3067

Old_3	Old_3	FluoOptima	10/24/2013 16:03:42
0.2985	0.3052	0.2959	0.283	0.2809	0.3057	0.3097	0.3046	0.3058	0.3113	0.3026	0.3137
0.3101	0.3237	0.3225	0.313	0.3119	0.3196	0.3181	0.3091	0.3254	0.3072	0.3077	0.3085
0.2922	0.3065	0.3075	0.2952	0.308	0.3017	0.3049	0.2938	0.3053	0.292	0.2908	0.2959
0.2991	0.3093	0.311	0.2955	0.3189	0.3014	0.3154	0.3082	0.3132	0.2937	0.3006	0.3012
0.2903	0.2987	0.3063	0.2921	0.3004	0.2979	0.3078	0.2959	0.3041	0.3003	0.2841	0.2988
0.2985	0.3158	0.3094	0.3012	0.312	0.3092	0.3114	0.2958	0.3119	0.2934	0.2906	0.2991
0.3056	0.3214	0.3113	0.3058	0.3117	0.3024	0.3123	0.307	0.3181	0.3056	0.2926	0.2939
0.3119	0.3328	0.321	0.3274	0.334	0.3334	0.3312	0.3375	0.3324	0.3194	0.308	0.309

Old_4	Old_4	FluoOptima	10/24/2013 16:13:08
0.3057	0.3208	0.3044	0.2966	0.2916	0.3151	0.3047	0.3033	0.3113	0.3132	0.3109	0.3143
0.3192	0.3247	0.3149	0.3067	0.3278	0.3069	0.3343	0.3115	0.3226	0.31	0.3136	0.309
0.2978	0.306	0.3013	0.291	0.3155	0.2972	0.3116	0.2898	0.3039	0.2863	0.2884	0.2958
0.3057	0.3046	0.3071	0.2903	0.3094	0.2913	0.3096	0.3033	0.3084	0.3083	0.2965	0.3008
0.2938	0.2916	0.3077	0.29	0.3	0.2922	0.3085	0.279	0.3042	0.2857	0.2893	0.3006
0.3011	0.3017	0.2948	0.2967	0.3106	0.3041	0.3169	0.2895	0.3253	0.2972	0.2892	0.296
0.3014	0.3048	0.2968	0.2976	0.314	0.2991	0.3237	0.3045	0.3079	0.3082	0.2948	0.296
0.3027	0.3257	0.3205	0.3233	0.3308	0.3303	0.3269	0.3353	0.3313	0.3187	0.3083	0.303

Old_5	Old_5	FluoOptima	10/24/2013 16:22:36
0.3053	0.3232	0.3023	0.3032	0.2937	0.3072	0.3057	0.3006	0.3081	0.3108	0.2986	0.3151
0.3178	0.3244	0.3163	0.3211	0.3211	0.3187	0.3129	0.3081	0.3263	0.3074	0.3039	0.3084
0.3003	0.3119	0.3133	0.2956	0.314	0.2969	0.3114	0.292	0.3037	0.28	0.2844	0.292
0.3015	0.3154	0.319	0.2955	0.3134	0.2956	0.3137	0.3067	0.3168	0.2871	0.3002	0.2977
0.2947	0.3053	0.3009	0.2865	0.2968	0.2926	0.3144	0.2927	0.3088	0.2855	0.2877	0.2962
0.3045	0.3197	0.3146	0.2913	0.3154	0.3101	0.3165	0.2954	0.298	0.2976	0.2884	0.2977
0.306	0.3119	0.3116	0.2951	0.3204	0.3016	0.3115	0.2943	0.3113	0.2954	0.3065	0.2948
0.3112	0.3381	0.3257	0.3307	0.334	0.3347	0.3312	0.3439	0.3395	0.3247	0.3123	0.3059

Old_6	Old_6	FluoOptima	10/24/2013 16:32:05
0.2986	0.3159	0.2951	0.2879	0.2835	0.2956	0.2883	0.2841	0.2921	0.3011	0.2975	0.3115
0.3082	0.3241	0.4265	0.3135	0.3309	0.305	0.3282	0.3011	0.3222	0.3159	0.3338	0.3064
0.2899	0.3038	0.2994	0.2923	0.3055	0.2991	0.3027	0.2925	0.3126	0.2869	0.2856	0.2988
0.2887	0.3076	0.3236	0.2887	0.3906	0.2928	0.3022	0.3095	0.3232	0.2943	0.2927	0.2885
0.2876	0.2937	0.3002	0.2854	0.2976	0.2904	0.3191	0.2828	0.3086	0.2809	0.2875	0.2901
0.296	0.2988	0.2911	0.2889	0.3024	0.304	0.3058	0.2977	0.3114	0.2924	0.288	0.2881
0.2873	0.3113	0.3029	0.3038	0.3078	0.2995	0.3112	0.3029	0.307	0.3004	0.2968	0.2884
0.2982	0.326	0.3169	0.3176	0.3196	0.3192	0.3183	0.3181	0.3146	0.3056	0.304	0.3016

Old_7	Old_7	FluoOptima	10/24/2013 16:41:36
0.3048	0.3385	0.3174	0.3133	0.3216	0.3268	0.3242	0.3159	0.3233	0.3211	0.3163	0.3163
0.3196	0.3306	0.5496	0.3195	0.3542	0.3182	0.3364	0.3216	0.3358	0.3204	0.3208	0.3091
0.3071	0.3141	0.3158	0.3019	0.6064	0.3097	0.318	0.3064	0.3242	0.3033	0.3069	0.3012
0.3041	0.3149	0.3167	0.3014	0.3219	0.3074	0.2893	0.3138	0.3274	0.3095	0.3167	0.3007
0.3009	0.3065	0.3119	0.2991	0.3092	0.3053	0.3156	0.3017	0.3268	0.3039	0.3079	0.297
0.3084	0.322	0.3296	0.3139	0.3245	0.3168	0.323	0.3131	0.3244	0.3104	0.3126	0.2978
0.3167	0.3186	0.3151	0.3113	0.3378	0.3247	0.3331	0.3134	0.3325	0.3111	0.3105	0.2988
0.3105	0.3327	0.3379	0.3486	0.3543	0.3441	0.3368	0.3486	0.346	0.333	0.3162	0.3129

Old_8	Old_8	FluoOptima	10/24/2013 16:51:06
0.3069	0.3364	0.3207	0.3222	0.3212	0.328	0.3268	0.3182	0.327	0.3263	0.32	0.3168
0.3198	0.8804	0.3563	0.3195	0.6936	0.3184	0.3332	0.3259	0.3464	0.3296	0.3253	0.3121
0.3065	0.3189	0.3168	0.4121	1.6347	0.2949	0.3164	0.3089	0.3292	0.309	0.3127	0.3007
0.3063	0.3174	0.3147	0.3041	0.2809	0.5017	0.3427	0.3107	0.3296	0.3109	0.316	0.3037
0.303	0.3079	0.3096	0.3005	0.3107	0.307	0.4084	0.3058	0.3217	0.3071	0.3061	0.3013
0.3083	0.3204	0.3203	0.3073	0.3265	0.3172	0.3232	0.3159	0.3257	0.3125	0.3089	0.3012
0.3179	0.3248	0.3247	0.3143	0.3364	0.3264	0.3342	0.3158	0.3354	0.3211	0.3129	0.3026
0.3088	0.3343	0.3253	0.3306	0.3401	0.3397	0.3334	0.3364	0.3407	0.3281	0.3156	0.315

Old_9	Old_9	FluoOptima	10/24/2013 17:00:32
0.3017	0.3325	0.3165	0.3197	0.3151	0.3229	0.3186	0.3147	0.3231	0.3285	0.3134	0.3081
0.3154	0.3287	0.3196	0.319	0.3311	0.3196	0.3277	0.3185	0.3367	0.3195	0.3221	0.3036
0.3004	0.3126	0.3095	0.3012	0.3126	0.3045	0.3142	0.3061	0.3186	0.3055	0.3062	0.2992
0.2978	0.3123	0.3106	0.2973	0.3167	0.3011	0.3156	0.3104	0.323	0.3089	0.3126	0.3013
0.2965	0.3042	0.3053	0.2961	0.3042	0.3004	0.3122	0.2999	0.3246	0.3031	0.3014	0.298
0.3051	0.3123	0.311	0.3033	0.3202	0.3124	0.3184	0.3054	0.3174	0.3047	0.3062	0.3002
0.3112	0.3162	0.3136	0.3081	0.3259	0.3173	0.3233	0.3112	0.3262	0.3125	0.306	0.2967
0.3047	0.3242	0.3226	0.3241	0.3319	0.3307	0.3323	0.3322	0.3353	0.322	0.3122	0.3064

Old_10	Old_10	FluoOptima	10/24/2013 17:10:01
0.3052	0.3372	0.3188	0.3229	0.3249	0.3256	0.3173	0.3191	0.3256	0.3232	0.3128	0.3154
0.318	0.3335	0.3295	0.3219	0.4408	0.7004	0.3305	0.323	0.3434	0.3258	0.3248	0.3115
0.3056	0.3196	0.3131	0.6223	0.3231	0.5446	0.3289	0.307	0.3261	0.3087	0.3049	0.2981
0.3043	0.3206	0.317	0.584	0.6557	0.5943	0.5197	0.3136	0.3274	0.3118	0.3185	0.3078
0.299	0.3053	0.3093	0.2978	0.836	0.5021	0.3182	0.3025	0.3162	0.3032	0.3052	0.3042
0.3111	0.3239	0.3197	0.3077	0.3262	0.5574	0.6	0.3141	0.332	0.312	0.3086	0.3007
0.316	0.3248	0.3238	0.3137	0.337	0.329	0.3366	0.3137	0.3363	0.3224	0.3142	0.3028
0.3075	0.3374	0.3288	0.3317	0.3452	0.3413	0.3452	0.351	0.3526	0.3399	0.3251	0.3143

Old_11	Old_11	FluoOptima	10/24/2013 17:19:37
0.3068	0.3333	0.3219	0.3226	0.3162	0.3256	0.3197	0.3201	0.326	0.3255	0.3225	0.32
0.3184	0.3313	0.3252	0.3215	0.338	0.3254	0.3302	0.3208	0.3387	0.3233	0.3259	0.3132
0.3063	0.3171	0.3144	0.3035	0.3174	0.5473	0.5536	0.3094	0.3224	0.307	0.3119	0.3016
0.3053	0.3174	0.3132	0.2992	0.9209	0.7056	0.6236	0.3126	0.3292	0.3131	0.3168	0.3006
0.3024	0.3083	0.3082	0.2993	0.3091	0.3063	0.3202	0.3039	0.3308	0.3033	0.3012	0.2963
0.3078	0.3214	0.318	0.3075	0.3267	0.5644	0.5939	0.3114	0.3283	0.3124	0.3095	0.2996
0.3132	0.3249	0.3172	0.3088	0.3301	0.323	0.332	0.3155	0.335	0.3191	0.3087	0.2962
0.3098	0.3336	0.3363	0.3401	0.352	0.3474	0.3437	0.3533	0.3521	0.3266	0.3167	0.3118

Old_12	Old_12	FluoOptima	10/24/2013 17:29:09
0.307	0.3312	0.3202	0.3191	0.3143	0.3254	0.3163	0.3163	0.3257	0.3251	0.3136	0.3126
0.3167	0.3269	0.3218	0.3189	0.3299	0.3181	0.3266	0.3173	0.3374	0.3212	0.3214	0.309
0.3053	0.3103	0.3046	0.3023	0.3132	0.3095	0.3131	0.3044	0.3219	0.305	0.3088	0.295
0.3049	0.3132	0.3122	0.303	0.3184	0.3052	0.3203	0.3135	0.3231	0.3058	0.3155	0.2993
0.3005	0.3014	0.3068	0.2993	0.3099	0.3045	0.3183	0.3029	0.3205	0.3037	0.302	0.3015
0.3099	0.3156	0.3201	0.3045	0.3235	0.3149	0.3229	0.3119	0.3263	0.3101	0.3084	0.2957
0.3173	0.3214	0.3199	0.3114	0.3313	0.3236	0.3317	0.3154	0.3332	0.318	0.3156	0.2956
0.3092	0.3404	0.3327	0.337	0.3453	0.3412	0.3437	0.3567	0.3491	0.3334	0.3211	0.3128

Old_13	Old_13	FluoOptima	10/24/2013 17:38:40
0.3098	0.3338	0.3196	0.3182	0.3113	0.3286	0.3195	0.3206	0.3308	0.3325	0.3208	0.3127
0.3197	0.3451	0.3203	0.3184	0.3223	0.3226	0.3343	0.8679	1.1292	0.3249	0.3271	0.3141
0.3052	0.3157	0.313	0.3054	0.3201	0.5523	0.3187	0.3074	0.6059	0.3081	0.3098	0.3028
0.3057	0.3179	0.3116	0.3218	0.3248	0.3063	0.3194	0.3142	0.3268	0.312	0.3196	0.3014
0.3014	0.3089	0.3118	0.3041	0.3102	0.3874	0.4701	0.303	0.3271	0.3751	0.3068	0.299
0.3084	0.3168	0.3137	0.2996	0.612	0.4968	0.3695	0.3145	0.3255	0.3095	0.3124	0.2988
0.317	0.3194	0.3176	0.3119	0.3278	0.3272	0.4069	0.3683	0.8793	0.3175	0.3084	0.2989
0.311	0.3391	0.3401	0.3452	0.3542	0.346	0.3441	0.3526	0.3498	0.3413	0.3127	0.3109

Old_14	Old_14	FluoOptima	10/24/2013 17:48:14
0.3103	0.325	0.3115	0.3109	0.3139	0.3275	0.3157	0.3143	0.3411	0.329	0.3165	0.3146
0.3269	0.3301	0.3277	0.3164	0.3348	0.3207	0.3295	0.3245	0.355	0.3281	0.3274	0.3107
0.3098	0.3111	0.3072	0.3004	0.3208	0.3265	0.3195	0.3056	0.3297	0.3112	0.3148	0.3006
0.3065	0.3184	0.3121	0.2981	0.3147	0.306	0.3232	0.314	0.3341	0.3067	0.3263	0.3072
0.3045	0.3063	0.3082	0.3039	0.3097	0.3061	0.3176	0.2994	0.3235	0.303	0.3049	0.305
0.314	0.3178	0.3148	0.304	0.3212	0.3158	0.3179	0.3107	0.3291	0.3154	0.3098	0.3019
0.3186	0.3201	0.3176	0.311	0.3341	0.3242	0.3345	0.3133	0.3348	0.325	0.3105	0.3004
0.3111	0.3421	0.3326	0.3371	0.344	0.3433	0.344	0.3477	0.3487	0.3333	0.3195	0.3156

Old_15	Old_15	FluoOptima	10/24/2013 17:57:47
0.3038	0.3343	0.3151	0.3133	0.3032	0.3102	0.2997	0.3045	0.307	0.3151	0.3065	0.3135
0.3143	0.328	0.3303	0.3266	0.3402	0.3322	0.3327	0.3244	0.3475	0.3291	0.3196	0.3024
0.3008	0.313	0.3205	0.3094	0.3258	0.3079	0.3168	0.3091	0.3253	0.3031	0.3053	0.2918
0.3014	0.3176	0.3109	0.3067	0.3212	0.3102	0.3246	0.3213	0.3362	0.307	0.3188	0.2942
0.2964	0.3025	0.3067	0.2947	0.2984	0.3132	0.3223	0.3045	0.3276	0.3006	0.3007	0.2912
0.3026	0.3128	0.3151	0.3003	0.3221	0.3229	0.3264	0.3164	0.336	0.3111	0.3087	0.2913
0.3095	0.3179	0.3127	0.3052	0.3264	0.322	0.3368	0.3206	0.3274	0.3143	0.3094	0.2896
0.3052	0.33	0.3175	0.3246	0.3305	0.332	0.3295	0.3391	0.3401	0.3305	0.3106	0.3059

Old_16	Old_16	FluoOptima	10/24/2013 18:07:19
0.3104	0.3308	0.3139	0.3111	0.3045	0.3092	0.3034	0.3017	0.315	0.3216	0.3138	0.3269
0.3243	0.3339	0.3246	0.3201	0.3408	0.3247	0.3316	0.3234	0.3465	0.3293	0.3313	0.3138
0.3076	0.3198	0.3127	0.3039	0.3168	0.3043	0.3109	0.3102	0.3262	0.3118	0.313	0.3023
0.3067	0.3198	0.3174	0.2959	0.3249	0.3044	0.3196	0.3209	0.3325	0.3229	0.3238	0.3004
0.2997	0.304	0.296	0.2951	0.3039	0.3011	0.3194	0.304	0.3263	0.3089	0.3124	0.2973
0.308	0.3191	0.3157	0.3054	0.3259	0.3154	0.3258	0.3129	0.336	0.3135	0.3176	0.298
0.3161	0.3158	0.3163	0.3108	0.3308	0.322	0.3409	0.3155	0.3406	0.328	0.3162	0.3
0.3109	0.3359	0.3246	0.328	0.3344	0.3316	0.3351	0.3435	0.3481	0.334	0.3149	0.3161

Old_17	Old_17	FluoOptima	10/24/2013 18:16:52
0.3012	0.325	0.3156	0.3027	0.293	0.2978	0.2887	0.2896	0.3006	0.3043	0.3008	0.3113
0.3169	0.326	0.3102	0.3082	0.3297	0.3187	0.3274	0.3129	0.3265	0.3201	0.32	0.2983
0.2991	0.3112	0.3106	0.2965	0.3128	0.2981	0.3006	0.2923	0.311	0.2969	0.3035	0.2905
0.2958	0.3126	0.3057	0.2914	0.3104	0.2984	0.3132	0.3065	0.3283	0.3036	0.3174	0.292
0.2918	0.3007	0.2962	0.2937	0.2913	0.2993	0.307	0.2947	0.315	0.2927	0.2975	0.2883
0.2971	0.3147	0.3102	0.2991	0.3155	0.3102	0.3175	0.3001	0.3212	0.3057	0.3049	0.2885
0.3038	0.3159	0.3059	0.2987	0.3183	0.3096	0.3189	0.3048	0.3209	0.3075	0.3006	0.2873
0.3035	0.331	0.3208	0.3262	0.3364	0.3316	0.3311	0.3375	0.3359	0.3256	0.3062	0.3031

Old_18	Old_18	FluoOptima	10/24/2013 18:26:27
0.3072	0.3238	0.3063	0.295	0.2839	0.2949	0.2893	0.2886	0.3037	0.3097	0.3076	0.3232
0.3245	0.3324	0.3167	0.4133	0.3261	0.3218	0.3229	0.3197	0.3386	0.3345	0.3238	0.3098
0.3062	0.3134	0.3124	0.2968	0.3125	0.3024	0.3044	0.3008	0.3213	0.3037	0.3063	0.2981
0.3036	0.3149	0.3094	0.2953	0.3222	0.3047	0.3197	0.3154	0.3296	0.3124	0.3182	0.2969
0.2976	0.3003	0.3031	0.2893	0.3049	0.302	0.3176	0.3021	0.3162	0.3034	0.3042	0.296
0.3088	0.3151	0.3121	0.305	0.3233	0.3192	0.3255	0.3086	0.3316	0.308	0.3155	0.2934
0.3126	0.3189	0.3162	0.3056	0.3274	0.316	0.3351	0.3127	0.3356	0.319	0.3144	0.2962
0.307	0.338	0.332	0.3391	0.3438	0.3381	0.3326	0.3373	0.3428	0.3265	0.3115	0.3118

Old_19	Old_19	FluoOptima	10/24/2013 18:36:03
0.2978	0.3188	0.2984	0.2847	0.2768	0.2848	0.2827	0.2891	0.2997	0.305	0.3017	0.3143
0.3149	0.3375	0.7368	0.3248	0.3371	0.3281	0.3356	0.3244	0.3473	0.3221	0.3258	0.3023
0.3022	0.3119	0.3192	0.3106	0.3205	0.3083	0.3145	0.3138	0.3329	0.3156	0.3102	0.2905
0.2982	0.3116	0.3195	0.3081	0.3264	0.4412	0.4192	0.323	0.3347	0.3223	0.3137	0.292
0.2901	0.3115	0.3119	0.3019	0.4303	0.5828	0.3216	0.3091	0.3301	0.2957	0.2981	0.2895
0.2959	0.3223	0.326	0.3127	0.3371	0.4819	0.3329	0.5232	0.3385	0.3176	0.3019	0.2895
0.305	0.3176	0.3102	0.3242	0.3393	0.3278	0.3352	0.3038	0.3258	0.3042	0.3021	0.2883
0.3036	0.3324	0.3233	0.3306	0.3376	0.3346	0.3284	0.3318	0.3324	0.3205	0.3083	0.3041

Old_20	Old_20	FluoOptima	10/24/2013 18:45:33
0.3077	0.3307	0.3143	0.2986	0.2917	0.3021	0.2966	0.2926	0.306	0.3128	0.3091	0.3234
0.3247	0.3399	0.3296	0.331	0.3381	0.3191	0.3359	0.3166	0.3471	0.3253	0.3277	0.3115
0.3092	0.3203	0.3196	0.2998	0.321	0.3105	0.3128	0.3061	0.3283	0.3099	0.3123	0.3
0.305	0.3194	0.3165	0.2916	0.3266	0.3118	0.3255	0.3206	0.3312	0.3138	0.3195	0.2971
0.2993	0.3049	0.3027	0.2958	0.3136	0.3102	0.3246	0.3095	0.3339	0.3028	0.3094	0.2961
0.3056	0.3191	0.3194	0.3023	0.3234	0.3254	0.3291	0.3068	0.3326	0.3115	0.3172	0.2962
0.3109	0.3202	0.3178	0.306	0.3276	0.3218	0.3372	0.3163	0.3417	0.3182	0.3157	0.2968
0.3063	0.3382	0.3322	0.3445	0.3554	0.3435	0.3431	0.3523	0.3493	0.3345	0.3176	0.3145

Old_21	Old_21	FluoOptima	10/24/2013 18:55:20
0.3021	0.3308	0.3274	0.3043	0.2941	0.2949	0.2932	0.2932	0.301	0.3111	0.3049	0.3118
0.321	0.3272	0.3194	0.3155	0.3351	0.3182	0.3295	0.3169	0.331	0.328	0.3211	0.3057
0.3106	0.3135	0.3125	0.2979	0.3195	0.3033	0.3083	0.2979	0.3185	0.3031	0.3019	0.2946
0.303	0.316	0.3112	0.2946	0.3158	0.3087	0.3195	0.3171	0.3343	0.3149	0.3169	0.2975
0.298	0.3001	0.3003	0.292	0.2954	0.3074	0.3148	0.3085	0.3273	0.3062	0.3057	0.295
0.305	0.319	0.3121	0.2944	0.3199	0.3225	0.3272	0.3112	0.3341	0.3192	0.3101	0.2926
0.3109	0.3201	0.3098	0.3114	0.3283	0.3222	0.336	0.3099	0.3273	0.3178	0.3106	0.2932
0.3066	0.3328	0.3224	0.339	0.3474	0.3402	0.3379	0.3459	0.343	0.3264	0.3108	0.3088

Old_22	Old_22	FluoOptima	10/24/2013 19:04:49
0.3096	0.3317	0.3205	0.3082	0.3036	0.3151	0.3102	0.3061	0.3177	0.3226	0.3168	0.3243
0.321	0.63	0.6352	0.6427	0.6459	0.7325	0.6629	0.7681	0.5936	0.7433	0.329	0.3113
0.3061	0.3136	0.3129	0.6629	0.7647	0.7474	0.6609	0.6473	0.6244	0.5911	0.3088	0.2985
0.3027	0.3144	0.3157	0.2989	0.6417	0.6043	0.6438	0.6407	0.6464	0.6068	0.3189	0.2969
0.2973	0.303	0.3063	0.2994	0.6927	0.6635	0.635	0.5512	0.6476	0.5787	0.3044	0.2938
0.3072	0.8458	0.6414	0.8019	0.6819	0.6217	0.6653	0.6553	0.8622	0.7493	0.311	0.2927
0.3107	0.318	0.8243	0.3067	0.7536	0.6165	0.4896	0.5688	0.3329	0.3192	0.3145	0.2947
0.3043	0.3308	0.3259	0.3342	0.3461	0.3429	0.3339	0.3382	0.3372	0.325	0.3111	0.312

Old_23	Old_23	FluoOptima	10/24/2013 19:14:15
0.301	0.3257	0.3099	0.2979	0.2955	0.3035	0.298	0.2995	0.3042	0.3108	0.3077	0.3109
0.3157	0.5971	0.6232	0.6362	0.699	0.6663	0.6733	0.6588	0.7302	0.6888	0.3156	0.3025
0.3	0.3085	0.6508	0.6536	0.7083	0.6458	0.6992	0.6932	0.7029	0.3012	0.3017	0.2899
0.2963	0.3122	0.3088	0.6525	0.6499	0.6766	0.691	0.683	0.6893	0.6384	0.3109	0.2915
0.2914	0.3027	0.3029	0.2927	0.7116	0.7089	0.5389	0.6551	0.6801	0.7576	0.2937	0.2876
0.301	0.3452	0.6658	0.6739	0.6899	0.6918	0.6743	0.6624	0.6816	0.3026	0.301	0.2868
0.306	0.6699	0.6757	0.6864	0.7072	0.6935	0.6926	0.3053	0.3211	0.3068	0.3059	0.2887
0.3064	0.3336	0.3189	0.325	0.3291	0.3322	0.3254	0.3332	0.3295	0.3223	0.3067	0.307

Old_24	Old_24	FluoOptima	10/24/2013 19:23:41
0.3064	0.3298	0.3098	0.3008	0.294	0.3087	0.3045	0.3014	0.3154	0.3234	0.3168	0.3233
0.3183	0.3337	0.3238	0.32	0.3292	0.3165	0.3273	0.3216	0.3398	0.323	0.3274	0.3117
0.3042	0.3136	0.312	0.3015	0.8728	0.3048	0.3088	0.3046	0.3205	0.3068	0.3135	0.2987
0.3042	0.3166	0.3162	0.2984	0.3238	0.3023	0.3236	0.315	0.3373	0.3181	0.3199	0.2982
0.2998	0.3039	0.3094	0.2954	0.3073	0.3044	0.3196	0.3063	0.3229	0.3076	0.3061	0.2977
0.3058	0.3184	0.3165	0.3019	0.3248	0.3206	0.3243	0.3099	0.3288	0.3115	0.3119	0.2954
0.3133	0.3203	0.3205	0.3095	0.3275	0.3163	0.3323	0.3118	0.3328	0.3186	0.3144	0.2986
0.3099	0.3365	0.3274	0.3306	0.3388	0.3367	0.342	0.3415	0.34	0.329	0.3169	0.3144

