date	time	depth	sample temperature	LED 525 nm	LED 570 nm	LED 610 nm	LED 590 nm	LED 470 nm	UV LED	#1(Green Algae)	#2(Bluegreen)	#3(Diatoms)	#4(Cryptophyta)	total conc.	transm.	fluor. detector temperature	LED temperature	ChiSquare
 	 	m	°C	digits	digits	digits	digits	digits	digits	µg/l	µg/l	µg/l	µg/l	µg/l	%	°C	°C	
29.11.2012	09:54:19	-0.69	18.35	235.97	86.04	291.76	364.22	981.59	517.24	266.85	17.84	8.18	0.00	292.87	89.71	20.74	18.69	2.6302718377
29.11.2012	09:54:23	-0.69	18.49	233.22	85.97	290.38	361.99	978.85	513.50	267.25	17.54	7.55	0.00	292.33	89.79	20.61	18.74	2.3762405421
29.11.2012	09:54:25	-0.69	18.27	235.02	86.61	292.44	362.33	981.30	514.89	266.92	17.70	8.02	0.00	292.64	89.83	20.51	18.84	2.4377615067
29.11.2012	09:54:28	-0.70	18.38	238.53	86.81	292.50	364.51	984.48	518.15	265.71	17.88	9.05	0.00	292.64	90.01	20.59	18.90	2.6499472730
29.11.2012	09:54:31	-0.69	18.54	236.89	86.62	292.85	364.92	989.44	519.40	269.09	17.59	8.15	0.00	294.83	90.06	20.62	18.95	2.4666367931
29.11.2012	09:54:34	-0.70	18.41	239.80	86.69	292.01	365.44	990.62	520.45	267.04	17.61	9.25	0.00	293.91	90.42	20.62	18.93	2.5836931046
29.11.2012	09:54:37	-0.69	18.47	236.21	87.09	293.98	364.60	992.53	520.86	271.06	17.46	7.67	0.00	296.19	90.40	20.66	18.95	2.4542814182
29.11.2012	09:54:39	-0.69	18.46	238.81	87.20	292.24	364.03	993.50	519.79	268.53	17.28	8.89	0.00	294.70	90.48	20.83	19.02	2.3911774784
29.11.2012	09:54:42	-0.69	18.37	235.83	87.13	291.86	363.09	990.79	517.99	269.81	17.20	7.94	0.00	294.94	90.34	20.65	19.16	2.2955069385
29.11.2012	09:54:45	-0.68	18.38	239.45	87.26	291.58	361.96	990.09	515.36	265.59	17.24	9.65	0.00	292.48	90.32	20.61	19.23	2.1977037627
