Old_1	Old_1	FluoOptima	10/22/2013 12:13:11
0.3033	0.3429	0.3265	0.3215	0.3175	0.3284	0.3199	0.3233	0.3307	0.329	0.3183	0.3169
0.3199	0.3357	0.3258	0.328	0.3356	0.3795	0.6414	0.3185	0.3378	0.3266	0.3217	0.3091
0.3102	0.318	0.32	0.308	0.426	0.3058	0.3197	0.3032	0.3211	0.3023	0.3039	0.2966
0.3089	0.3166	0.3216	0.3045	0.3249	0.365	0.321	0.3166	0.3257	0.3065	0.3102	0.2938
0.3021	0.3106	0.3102	0.4157	0.4434	0.3073	0.3179	0.3024	0.3234	0.3031	0.2981	0.295
0.3076	0.3168	0.5211	0.3055	0.3187	0.3159	0.3208	0.3083	0.3227	0.307	0.3039	0.2964
0.3134	0.3199	0.9785	0.4327	0.3243	0.3165	0.3238	0.3103	0.3309	0.3117	0.3045	0.2915
0.3067	0.33	0.3272	0.3239	0.3385	0.3363	0.3254	0.3314	0.3288	0.3243	0.3086	0.3036

Old_2	Old_2	FluoOptima	10/22/2013 12:22:36
0.3087	0.3315	0.3154	0.3127	0.3162	0.3257	0.322	0.317	0.3215	0.3197	0.3123	0.3143
0.3159	0.3255	0.3163	0.3133	0.3291	0.3137	0.3289	0.3139	0.3298	0.3152	0.3119	0.3054
0.3042	0.307	0.3051	0.2949	0.3073	0.3054	0.3084	0.2958	0.3117	0.2949	0.2964	0.2944
0.2997	0.3064	0.3061	0.29	0.3155	0.3002	0.3157	0.3083	0.3172	0.2963	0.3009	0.2973
0.2968	0.297	0.3034	0.29	0.3031	0.2973	0.3155	0.2937	0.312	0.2844	0.286	0.2912
0.3046	0.3099	0.3104	0.2963	0.3098	0.306	0.3142	0.2987	0.3114	0.2909	0.297	0.292
0.3082	0.313	0.3072	0.2977	0.3156	0.3116	0.3157	0.3023	0.318	0.307	0.2946	0.2915
0.3049	0.3259	0.3232	0.3261	0.3377	0.3304	0.3212	0.3295	0.3107	0.3241	0.3063	0.3059

Old_3	Old_3	FluoOptima	10/22/2013 12:32:00
0.309	0.3377	0.3212	0.3252	0.3184	0.3208	0.3229	0.3152	0.3198	0.3249	0.3197	0.32
0.3228	0.3333	0.3156	0.3256	0.344	0.3256	0.331	0.3185	0.3326	0.3256	0.3182	0.3154
0.3103	0.3147	0.3127	0.2896	0.3142	0.307	0.3161	0.3022	0.318	0.2976	0.3	0.3012
0.3088	0.3155	0.3158	0.3027	0.3249	0.3043	0.3172	0.3148	0.3182	0.301	0.3062	0.3006
0.3031	0.309	0.3049	0.3043	0.312	0.3083	0.3222	0.3037	0.3123	0.3077	0.292	0.2957
0.3102	0.3183	0.3173	0.3071	0.3143	0.3076	0.3226	0.3038	0.3214	0.2987	0.2984	0.3023
0.3137	0.3073	0.3028	0.2982	0.3126	0.3076	0.3194	0.3038	0.3159	0.3079	0.2993	0.2939
0.3124	0.333	0.3332	0.3292	0.3402	0.3368	0.3323	0.3424	0.3433	0.3287	0.3108	0.306

Old_4	Old_4	FluoOptima	10/22/2013 12:41:26
0.3097	0.3291	0.3115	0.3102	0.3037	0.316	0.312	0.3031	0.3153	0.3186	0.3115	0.3144
0.3173	0.3299	0.3245	0.3106	0.3299	0.3124	0.322	0.3185	0.3259	0.3186	0.3201	0.3107
0.3042	0.3062	0.306	0.2941	0.3102	0.3009	0.3151	0.2984	0.3161	0.3007	0.3001	0.295
0.3016	0.3096	0.3098	0.297	0.3124	0.3024	0.3252	0.3128	0.322	0.3083	0.3023	0.2991
0.298	0.2905	0.3045	0.2934	0.3007	0.3029	0.3198	0.3012	0.3149	0.2944	0.29	0.2935
0.307	0.3134	0.2989	0.2993	0.3142	0.3097	0.3141	0.3005	0.3184	0.2915	0.2902	0.2941
0.3108	0.3138	0.3125	0.3054	0.3154	0.299	0.3228	0.291	0.3095	0.3096	0.2994	0.2919
0.3037	0.3265	0.3227	0.3241	0.3417	0.3323	0.3291	0.3343	0.3414	0.3217	0.3093	0.3053

Old_5	Old_5	FluoOptima	10/22/2013 12:50:55
0.3116	0.3309	0.3147	0.3148	0.3034	0.3154	0.3215	0.3085	0.315	0.3141	0.3127	0.3193
0.3209	0.3341	0.3212	0.3192	0.3405	0.3205	0.3344	0.3178	0.3389	0.3219	0.3238	0.3261
0.3106	0.3183	0.3118	0.3015	0.3122	0.3117	0.3192	0.309	0.3109	0.2982	0.2993	0.3044
0.312	0.3232	0.3189	0.3042	0.3334	0.3141	0.3304	0.3159	0.3161	0.2989	0.3043	0.3035
0.3038	0.3126	0.3123	0.306	0.3176	0.3146	0.3265	0.3118	0.3154	0.2998	0.2959	0.3008
0.3129	0.325	0.3065	0.3058	0.3205	0.3251	0.3244	0.3158	0.3231	0.2979	0.3041	0.3148
0.3133	0.3179	0.3037	0.3106	0.3345	0.3153	0.3242	0.3039	0.3213	0.3084	0.2993	0.2959
0.3114	0.3432	0.3337	0.3309	0.3542	0.3433	0.3389	0.3576	0.3475	0.3278	0.3155	0.307

Old_6	Old_6	FluoOptima	10/22/2013 13:00:24
0.3085	0.3258	0.3046	0.2958	0.2998	0.3093	0.3171	0.3106	0.32	0.3166	0.3143	0.3145
0.3132	0.3299	0.3117	0.3066	0.3208	0.3162	0.3216	0.3142	0.3283	0.3195	0.3196	0.3178
0.3021	0.3077	0.3037	0.2851	0.3113	0.3114	0.3066	0.2989	0.3105	0.2984	0.2966	0.3034
0.3003	0.3098	0.3073	0.2777	0.3163	0.3048	0.3254	0.3166	0.3097	0.3021	0.3013	0.3012
0.2978	0.2973	0.2969	0.2917	0.3018	0.2938	0.3255	0.3037	0.3033	0.2997	0.2894	0.2991
0.3063	0.3127	0.3038	0.289	0.3174	0.3173	0.3209	0.2934	0.3192	0.2837	0.2979	0.3031
0.3046	0.31	0.3088	0.306	0.3184	0.3051	0.2985	0.303	0.3065	0.2941	0.3016	0.2919
0.3062	0.3347	0.3292	0.3344	0.3585	0.3403	0.3359	0.3338	0.3312	0.3368	0.3188	0.3079

Old_7	Old_7	FluoOptima	10/22/2013 13:09:54
0.313	0.3393	0.3143	0.3144	0.3005	0.3153	0.3196	0.3133	0.3229	0.3233	0.321	0.3218
0.3234	0.3278	0.8125	0.3297	0.8367	0.3331	0.8941	0.3302	0.3367	0.3283	0.3265	0.328
0.3062	0.3286	0.5326	0.3894	0.3402	0.3965	0.3174	0.2948	0.3228	0.2994	0.3028	0.3102
0.2982	0.3217	0.2897	0.2955	0.4343	0.3267	0.3173	0.3097	0.3217	0.2953	0.3093	0.3033
0.3008	0.3208	0.326	0.4242	0.4254	0.3079	0.3268	0.4582	0.3347	0.3038	0.3002	0.2992
0.3108	0.3222	0.3215	0.3187	0.3305	0.3122	0.3297	0.3205	0.3202	0.3036	0.3003	0.3116
0.3108	0.3224	0.3141	0.3072	0.3311	0.3215	0.332	0.3098	0.3137	0.2978	0.2967	0.2996
0.3129	0.3418	0.3369	0.3415	0.3549	0.3419	0.342	0.3445	0.3482	0.3309	0.321	0.3097

Old_8	Old_8	FluoOptima	10/22/2013 13:19:22
0.3092	0.3449	0.3182	0.3078	0.3056	0.3107	0.3222	0.3064	0.3188	0.3186	0.3057	0.3172
0.3238	0.3399	0.3368	0.3204	0.3337	0.3217	0.34	0.32	0.3309	0.3264	0.3247	0.3104
0.3139	0.319	0.3207	0.3052	0.3188	0.3088	0.3198	0.3079	0.3205	0.2967	0.2957	0.3025
0.3051	0.3178	0.3134	0.3006	0.3305	0.3147	0.3318	0.3222	0.3244	0.2988	0.3062	0.3045
0.3063	0.3098	0.3083	0.3062	0.3141	0.3068	0.3263	0.3039	0.3198	0.2941	0.2957	0.2972
0.3104	0.3262	0.316	0.3164	0.3337	0.3147	0.328	0.3074	0.3256	0.2923	0.2991	0.294
0.3151	0.3277	0.3189	0.3162	0.3281	0.3172	0.3296	0.3077	0.3162	0.3051	0.3046	0.2961
0.3117	0.3392	0.3306	0.3391	0.3512	0.345	0.3491	0.3424	0.3507	0.3389	0.3192	0.3109

Old_9	Old_9	FluoOptima	10/22/2013 13:28:51
0.3033	0.3223	0.3095	0.304	0.3	0.3003	0.3085	0.3011	0.3083	0.3136	0.3103	0.3103
0.3127	0.3274	0.3185	0.3208	0.3124	0.3162	0.3287	0.3119	0.3289	0.3092	0.3147	0.3019
0.3049	0.3115	0.3095	0.297	0.3092	0.303	0.3093	0.2965	0.3098	0.2937	0.2985	0.2926
0.3066	0.3093	0.3055	0.2903	0.3172	0.3011	0.3182	0.3116	0.3077	0.2981	0.2976	0.2935
0.3006	0.2998	0.3005	0.2935	0.3051	0.304	0.3158	0.3038	0.315	0.2889	0.2841	0.2899
0.304	0.3117	0.3026	0.3001	0.3184	0.3103	0.3187	0.3025	0.3087	0.2979	0.2922	0.294
0.3057	0.3129	0.3101	0.3022	0.3192	0.3044	0.317	0.2933	0.3047	0.2997	0.2932	0.285
0.3066	0.3304	0.3274	0.3348	0.345	0.3346	0.3361	0.3431	0.3513	0.3317	0.3128	0.2993

Old_10	Old_10	FluoOptima	10/22/2013 13:38:19
0.2989	0.3157	0.2958	0.2854	0.696	0.2971	0.3082	0.2921	0.3021	0.3024	0.2991	0.3056
0.3098	0.323	0.3205	0.3137	0.5041	0.5983	0.6032	0.3138	0.3198	0.3174	0.3102	0.3004
0.292	0.3012	0.3043	0.289	0.8877	0.4922	0.6057	0.2971	0.3144	0.2962	0.294	0.29
0.2927	0.3025	0.3078	0.4783	0.5747	0.5277	0.5891	0.9112	0.3108	0.2952	0.2886	0.2941
0.2906	0.2981	0.2977	0.29	0.5462	0.8134	0.7089	1.0343	0.3131	0.2874	0.2737	0.2853
0.2979	0.3092	0.3018	0.2976	0.6274	0.5962	0.5887	0.2996	0.3165	0.2887	0.2881	0.2876
0.3013	0.308	0.307	0.2984	0.3166	0.8846	0.321	0.2991	0.312	0.301	0.279	0.2864
0.3018	0.3254	0.3187	0.3265	0.3368	0.3307	0.3319	0.3256	0.3372	0.3277	0.3064	0.2973

Old_11	Old_11	FluoOptima	10/22/2013 13:47:55
0.3082	0.3334	0.3016	0.2916	0.3003	0.3151	0.3206	0.3148	0.3253	0.3173	0.3159	0.3134
0.317	0.8716	0.3233	0.6498	0.5529	0.3197	0.3334	0.3248	0.3363	0.3233	0.3191	0.3152
0.3106	0.3173	0.3136	0.2957	0.3255	0.6266	0.5497	0.3006	0.3157	0.3019	0.3071	0.3048
0.3007	0.3169	0.3203	0.3012	0.3267	0.3005	0.4359	0.3236	0.3241	0.3076	0.3008	0.3046
0.3039	0.3093	0.3126	0.3058	0.31	0.3097	0.3219	0.2972	0.3105	0.2932	0.293	0.3017
0.3035	0.3178	0.3122	0.3115	0.323	0.5442	0.3275	0.3121	0.3216	0.2963	0.3038	0.2988
0.3098	0.3154	0.3159	0.3067	0.3255	0.3145	0.3287	0.2985	0.3195	0.3064	0.3069	0.2944
0.3147	0.3396	0.3336	0.3361	0.3533	0.3433	0.3343	0.3577	0.3455	0.3357	0.3201	0.3047

Old_12	Old_12	FluoOptima	10/22/2013 13:57:26
0.3066	0.3197	0.3051	0.2858	0.287	0.3025	0.3023	0.304	0.293	0.3	0.305	0.3104
0.3106	0.3299	0.323	0.3136	0.3206	0.3083	0.3312	0.3054	0.3371	0.3242	0.3066	0.3057
0.3003	0.308	0.3453	0.2949	0.3128	0.3038	0.3158	0.3076	0.3222	0.3013	0.3016	0.295
0.2933	0.3061	0.3135	0.2991	0.8244	0.3013	0.3275	0.3107	0.3189	0.2984	0.3099	0.2976
0.2976	0.3036	0.3055	0.3035	0.3049	0.3014	0.3204	0.3035	0.3197	0.2789	0.2887	0.2921
0.3034	0.312	0.3139	0.3109	0.3186	0.3158	0.3239	0.2979	0.3162	0.287	0.2997	0.2934
0.3035	0.3176	0.3166	0.3066	0.3241	0.3157	0.3218	0.2932	0.3031	0.2999	0.2923	0.29
0.3059	0.3284	0.3219	0.3275	0.3435	0.3402	0.3329	0.3494	0.3443	0.3361	0.3102	0.3041

Old_13	Old_13	FluoOptima	10/22/2013 14:06:58
0.3007	0.3056	0.2933	0.3044	0.2748	0.3156	0.3139	0.292	0.31	0.3174	0.3147	0.3109
0.305	0.3294	0.328	0.316	0.3361	0.6137	0.3211	0.3223	0.3164	0.3187	0.318	0.3062
0.2962	0.2979	0.3066	0.3002	0.8872	0.3006	0.3087	0.3065	0.3173	0.3071	0.3032	0.2972
0.2764	0.3032	0.3	0.2836	0.3189	0.2998	1.0517	0.3051	0.3064	0.3046	0.2962	0.3005
0.2805	0.3096	0.2949	0.2931	0.3095	0.2994	0.6146	0.6071	0.3438	0.2797	0.2931	0.2967
0.2996	0.3109	0.3132	0.3003	0.3214	0.3108	0.3241	0.3036	0.813	0.5892	0.2913	0.2904
0.301	0.3161	0.31	0.2995	0.3166	0.3035	0.3221	0.3028	0.3271	0.2972	0.3017	0.2908
0.3024	0.3285	0.3215	0.3275	0.336	0.3346	0.3296	0.3476	0.3482	0.3309	0.3127	0.3057

Old_14	Old_14	FluoOptima	10/22/2013 14:16:31
0.3124	0.3312	0.32	0.3046	0.295	0.3183	0.3224	0.3105	0.3294	0.3222	0.3217	0.3209
0.3159	0.3329	0.3273	0.3166	0.3417	0.3214	0.3571	0.3236	0.3358	0.3176	0.3228	0.3156
0.3006	0.3127	0.3137	0.3094	0.3165	0.3116	0.3122	0.3048	0.3289	0.2971	0.3049	0.3043
0.2997	0.3182	0.3167	0.3039	0.3416	0.3117	0.315	0.325	0.3239	0.3021	0.2943	0.2996
0.301	0.3136	0.3076	0.3027	0.3094	0.3103	0.328	0.2978	0.3182	0.3036	0.2962	0.3013
0.3093	0.3182	0.3181	0.3084	0.3302	0.3185	0.3231	0.3053	0.3147	0.3074	0.3035	0.2987
0.3114	0.3137	0.3132	0.3089	0.3196	0.3163	0.3225	0.3103	0.3329	0.3108	0.3115	0.2982
0.3099	0.3373	0.334	0.3385	0.361	0.3389	0.3338	0.3426	0.3573	0.3363	0.3211	0.3095

Old_15	Old_15	FluoOptima	10/22/2013 14:26:04
0.3016	0.3275	0.3147	0.3125	0.3089	0.3132	0.3152	0.3124	0.3133	0.3237	0.3135	0.3109
0.3164	0.328	0.378	0.3235	0.4315	0.3154	0.3516	0.3205	0.3361	0.3247	0.3206	0.3002
0.2963	0.3153	0.3445	0.3063	0.3222	0.3074	0.3147	0.3093	0.3166	0.2985	0.3002	0.2917
0.2997	0.3102	0.3105	0.2935	0.3507	0.3055	0.3645	0.3076	0.3295	0.3009	0.3105	0.2959
0.2883	0.2972	0.2996	0.2912	0.3022	0.306	0.3203	0.3105	0.31	0.2941	0.2918	0.2903
0.3032	0.3125	0.3122	0.3027	0.3155	0.314	0.3221	0.3023	0.3164	0.2995	0.2978	0.2942
0.3026	0.3152	0.3147	0.3084	0.3187	0.3138	0.3261	0.3038	0.3213	0.307	0.3091	0.2871
0.3076	0.3307	0.3207	0.3306	0.3317	0.3294	0.3225	0.3233	0.3238	0.3173	0.3032	0.2995

Old_16	Old_16	FluoOptima	10/22/2013 14:35:37
0.2994	0.3197	0.302	0.3062	0.2907	0.3115	0.3064	0.3039	0.3148	0.3125	0.3083	0.318
0.3182	0.3322	0.3266	0.3249	0.3389	0.3187	0.3257	0.3227	0.3343	0.3234	0.3186	0.3095
0.299	0.3108	0.3161	0.3027	0.3239	0.3066	0.3119	0.3036	0.317	0.2999	0.3013	0.2947
0.3034	0.3096	0.3149	0.2986	0.3231	0.3019	0.3227	0.3164	0.3217	0.3022	0.3087	0.2973
0.2913	0.3066	0.3082	0.2982	0.3049	0.3023	0.3211	0.304	0.3215	0.2976	0.3029	0.2949
0.297	0.3121	0.3112	0.3053	0.3223	0.3149	0.319	0.3094	0.3236	0.3049	0.3037	0.295
0.2934	0.3143	0.3143	0.3067	0.3204	0.3157	0.3203	0.3023	0.3251	0.3142	0.306	0.2902
0.3039	0.3302	0.3251	0.3302	0.333	0.3311	0.3249	0.3386	0.3332	0.3229	0.3073	0.3027

Old_17	Old_17	FluoOptima	10/22/2013 14:45:12
0.2874	0.3069	0.2909	0.2961	0.2937	0.3039	0.3025	0.3032	0.3035	0.3043	0.3048	0.3127
0.3117	0.3267	0.3206	0.3173	0.333	0.3239	0.3237	0.3221	0.3428	0.3229	0.3216	0.3073
0.2973	0.3068	0.3161	0.3066	0.3203	0.3049	0.3187	0.3048	0.3188	0.2951	0.3039	0.294
0.3104	0.305	0.3084	0.3008	0.3246	0.3059	0.3257	0.3156	0.3235	0.304	0.3015	0.2999
0.2898	0.2963	0.3003	0.2991	0.3098	0.3072	0.324	0.3059	0.317	0.2942	0.2955	0.2967
0.2992	0.3186	0.3117	0.3049	0.3234	0.3131	0.3254	0.3045	0.3246	0.2934	0.2979	0.2955
0.3069	0.3188	0.317	0.3105	0.3348	0.3202	0.3321	0.3059	0.3247	0.308	0.3057	0.2905
0.315	0.3393	0.3192	0.3303	0.3404	0.336	0.3333	0.3436	0.3364	0.3253	0.3104	0.3076

Old_18	Old_18	FluoOptima	10/22/2013 14:54:46
0.2751	0.2889	0.2854	0.2805	0.2731	0.2901	0.2927	0.2914	0.2951	0.3021	0.3035	0.3156
0.3073	0.3295	0.3175	0.3197	0.3373	0.3134	0.3238	0.3112	0.3256	0.322	0.3173	0.313
0.2915	0.2957	0.3088	0.3008	0.3113	0.3058	0.3103	0.2984	0.3104	0.2915	0.2928	0.2906
0.306	0.3119	0.3112	0.2941	0.3226	0.2999	0.3246	0.3175	0.3226	0.2907	0.3057	0.2985
0.2912	0.2974	0.306	0.2985	0.3044	0.3038	0.3225	0.3009	0.3168	0.2905	0.2985	0.2948
0.2902	0.3129	0.3113	0.3041	0.32	0.3163	0.3255	0.3069	0.3261	0.3025	0.3071	0.2964
0.2824	0.3145	0.312	0.3035	0.3281	0.3107	0.3278	0.3087	0.324	0.307	0.3025	0.2942
0.3094	0.3306	0.322	0.3205	0.3418	0.3362	0.3268	0.3357	0.3306	0.3283	0.3127	0.3062

Old_19	Old_19	FluoOptima	10/22/2013 15:04:21
0.2883	0.3047	0.2919	0.2887	0.2708	0.2935	0.2953	0.3027	0.3072	0.3075	0.3143	0.3156
0.3145	0.3403	0.489	0.5043	0.3302	0.4328	0.5545	0.3265	0.5189	0.3217	0.3169	0.3059
0.2884	0.3252	0.3203	0.624	0.552	0.3036	0.5843	0.3199	0.5021	0.2997	0.3026	0.2937
0.3037	0.3083	0.3289	0.3047	0.5455	0.3193	0.3302	0.3203	0.451	0.3054	0.3112	0.2976
0.2938	0.3021	0.3111	0.3042	0.3097	0.4672	0.3931	0.5807	0.3161	0.3022	0.2942	0.2991
0.2841	0.3205	0.3221	0.3016	0.3234	0.7703	0.4846	0.3119	0.327	0.3008	0.3008	0.2997
0.3106	0.3168	0.3025	0.3005	0.3289	0.3067	0.331	0.3035	0.319	0.3017	0.3047	0.2965
0.3179	0.346	0.3359	0.3461	0.3522	0.3522	0.3573	0.367	0.3487	0.3281	0.3265	0.31

Old_20	Old_20	FluoOptima	10/22/2013 15:13:49
0.2745	0.2882	0.2938	0.279	0.2658	0.2953	0.2897	0.2911	0.2958	0.2982	0.2909	0.3148
0.3018	0.33	0.3292	0.3181	0.3252	0.3096	0.3277	0.3262	0.3349	0.3187	0.3091	0.3135
0.2891	0.3085	0.3166	0.303	0.3151	0.3027	0.3201	0.291	0.3097	0.2923	0.2803	0.2999
0.3011	0.3131	0.3094	0.2872	0.3248	0.2947	0.3144	0.3082	0.3149	0.2913	0.3065	0.3009
0.2854	0.3052	0.2964	0.2923	0.2911	0.2901	0.3084	0.2972	0.2967	0.298	0.3006	0.2978
0.3018	0.3125	0.3131	0.3053	0.325	0.3114	0.3161	0.3005	0.323	0.2984	0.2912	0.299
0.2703	0.3149	0.3122	0.3119	0.3292	0.3122	0.329	0.309	0.308	0.3081	0.3034	0.2946
0.3065	0.3395	0.3318	0.3431	0.3462	0.3332	0.3521	0.361	0.3382	0.3339	0.3158	0.3004

Old_21	Old_21	FluoOptima	10/22/2013 15:23:37
0.2795	0.2887	0.2704	0.2695	0.2575	0.2866	0.2609	0.2839	0.2593	0.2815	0.2907	0.3139
0.3106	0.3262	0.3194	0.3103	0.3315	0.3236	0.3322	0.3117	0.3261	0.3217	0.3153	0.3084
0.2986	0.3071	0.3096	0.2928	0.3179	0.3124	0.3159	0.2999	0.313	0.2985	0.3004	0.2958
0.2722	0.3106	0.3184	0.2966	0.315	0.3059	0.3264	0.3163	0.3117	0.2942	0.3073	0.2984
0.2952	0.3095	0.3114	0.2889	0.3004	0.3072	0.3298	0.3048	0.3185	0.3026	0.2823	0.2983
0.2799	0.3238	0.3145	0.3039	0.3216	0.3195	0.3218	0.3055	0.3126	0.2961	0.3014	0.2975
0.2917	0.3219	0.3173	0.3061	0.3343	0.3144	0.3244	0.3061	0.3153	0.2996	0.3078	0.2938
0.3226	0.3586	0.3331	0.3434	0.3489	0.3514	0.3282	0.3551	0.3397	0.3261	0.3185	0.3083

Old_22	Old_22	FluoOptima	10/22/2013 15:33:05
0.2931	0.3159	0.3056	0.3052	0.293	0.3034	0.2958	0.3031	0.3134	0.3111	0.3092	0.3133
0.3045	0.3937	0.3189	0.5975	0.4706	0.5246	0.5336	0.5174	0.6878	0.8883	0.3181	0.308
0.2895	0.3058	0.3098	0.2995	0.5315	0.5503	0.6944	0.6836	0.8927	0.8881	0.2961	0.2939
0.2806	0.3079	0.3064	0.293	0.6112	0.784	0.7683	0.9461	1.0114	0.9701	0.3051	0.2952
0.2799	0.5103	0.3044	0.2923	0.299	0.5961	0.5538	0.9754	0.8223	0.7411	0.2914	0.2918
0.2863	0.4327	0.5016	0.3988	0.3165	0.5919	0.6462	0.8995	0.4862	0.7929	0.2957	0.2924
0.3008	0.3116	0.3077	0.3022	0.319	0.5991	1.048	0.3013	0.3175	0.3085	0.3037	0.2906
0.3039	0.3237	0.3127	0.3212	0.3174	0.3241	0.3143	0.316	0.3168	0.3122	0.3046	0.3014

Old_23	Old_23	FluoOptima	10/22/2013 15:42:30
0.2859	0.2952	0.284	0.2925	0.2911	0.2982	0.2935	0.3035	0.3023	0.3051	0.3016	0.313
0.3066	0.3333	0.3254	0.3168	0.3369	0.3239	0.3267	0.319	0.3373	0.32	0.3138	0.3088
0.2936	0.3164	0.3184	0.2956	0.3178	0.3065	0.3142	0.3042	0.3179	0.2997	0.2996	0.2951
0.2919	0.3163	0.3145	0.301	0.3235	0.303	0.3195	0.3137	0.3234	0.3001	0.305	0.301
0.2775	0.3052	0.306	0.3005	0.3098	0.3052	0.32	0.3054	0.3206	0.2974	0.2877	0.2981
0.2898	0.3186	0.317	0.3044	0.32	0.3128	0.3194	0.305	0.3241	0.2997	0.2992	0.2949
0.2888	0.3188	0.3155	0.3046	0.3261	0.3163	0.3267	0.305	0.3252	0.3135	0.3005	0.2916
0.3134	0.3343	0.3196	0.3256	0.3429	0.3356	0.3305	0.3381	0.332	0.3217	0.3169	0.309

Old_24	Old_24	FluoOptima	10/22/2013 15:51:57
0.2914	0.302	0.2897	0.2805	0.274	0.2873	0.2754	0.2782	0.291	0.2942	0.2941	0.3126
0.302	0.4444	0.5503	0.7679	0.8103	0.9512	0.6178	0.5295	0.5369	0.5167	0.3206	0.3094
0.2833	0.3097	0.3122	0.5708	0.7209	0.9179	0.5738	0.5083	0.5184	0.505	0.2998	0.2919
0.2926	0.3134	0.3111	0.2924	0.8594	0.8495	0.8038	0.5898	0.5322	0.9361	0.2998	0.2936
0.2791	0.3017	0.305	0.2959	0.4195	0.5114	0.5814	0.4988	0.4876	0.5165	0.2873	0.2918
0.2975	0.3119	0.3063	0.3042	0.6745	0.4759	0.4843	0.4745	0.4943	0.4781	0.2933	0.2928
0.2882	0.4247	0.3102	0.4351	0.3225	0.8133	0.4601	0.3066	0.3202	0.3137	0.3001	0.2904
0.3062	0.3294	0.3234	0.3248	0.3344	0.3373	0.3346	0.3387	0.3249	0.3204	0.3106	0.3042

Old_25	Old_25	FluoOptima	10/22/2013 16:01:26
0.2972	0.3	0.2869	0.2876	0.2866	0.2924	0.3001	0.2999	0.2951	0.3004	0.2981	0.3112
0.3115	0.3293	0.3267	0.3201	0.3378	0.3237	0.3344	0.3149	0.3383	0.3239	0.3175	0.3055
0.2945	0.3178	0.3138	0.3048	0.3224	0.3099	0.3126	0.3034	0.3161	0.3077	0.3029	0.2911
0.2983	0.3134	0.3146	0.2995	0.3232	0.3082	0.3262	0.3138	0.3284	0.3062	0.3061	0.2964
0.2884	0.3039	0.3106	0.2966	0.3108	0.3096	0.3183	0.2974	0.3147	0.2972	0.2912	0.2923
0.3015	0.3204	0.3185	0.3001	0.322	0.3169	0.3224	0.3022	0.3263	0.3044	0.3022	0.2915
0.3092	0.3204	0.3181	0.3068	0.3243	0.3153	0.3257	0.3072	0.3231	0.3137	0.3085	0.29
0.3112	0.3385	0.3256	0.3285	0.3343	0.3483	0.3446	0.3576	0.3515	0.3435	0.3226	0.3068

Old_26	Old_26	FluoOptima	10/22/2013 16:10:56
0.3049	0.3263	0.3128	0.3109	0.296	0.3195	0.2928	0.2934	0.302	0.3049	0.3058	0.316
0.3128	0.3349	0.3217	0.3205	0.3327	0.3168	0.335	0.3211	0.3368	0.3199	0.3224	0.311
0.2996	0.3058	0.3159	0.2998	0.3175	0.3023	0.3128	0.2972	0.3196	0.2901	0.3014	0.2951
0.2976	0.313	0.3103	0.2925	0.3209	0.295	0.315	0.3061	0.3224	0.3044	0.3051	0.2966
0.2918	0.3062	0.3064	0.2958	0.3054	0.3024	0.3187	0.3025	0.3199	0.2954	0.2979	0.2916
0.3009	0.3098	0.3048	0.302	0.3191	0.3107	0.3231	0.3088	0.3157	0.3028	0.3033	0.294
0.2981	0.3051	0.3091	0.3007	0.3254	0.3136	0.3176	0.3065	0.3209	0.3163	0.3044	0.2905
0.304	0.3291	0.328	0.3292	0.3381	0.3331	0.351	0.3297	0.3312	0.3333	0.3183	0.3059

Old_27	Old_27	FluoOptima	10/22/2013 16:20:25
0.3068	0.3274	0.3131	0.2984	0.3004	0.314	0.3129	0.3127	0.3087	0.3158	0.31	0.3138
0.3144	0.3352	0.3229	0.3227	0.3302	0.3243	0.3291	0.3219	0.3378	0.316	0.3195	0.3058
0.3009	0.3149	0.3153	0.3038	0.3176	0.3094	0.3125	0.3056	0.317	0.2836	0.2918	0.2959
0.304	0.3176	0.3165	0.2897	0.3242	0.3092	0.314	0.3142	0.3269	0.3035	0.3099	0.2962
0.2958	0.3071	0.3055	0.3027	0.307	0.3089	0.3184	0.2947	0.3194	0.2974	0.2996	0.2932
0.3055	0.3211	0.3149	0.3067	0.3239	0.3132	0.3216	0.308	0.3197	0.2993	0.3022	0.2931
0.3092	0.3234	0.3162	0.3127	0.3255	0.3196	0.3349	0.3041	0.3256	0.3054	0.307	0.2946
0.3091	0.3376	0.3231	0.3377	0.3464	0.3398	0.3325	0.3504	0.3483	0.3255	0.3122	0.3072

Old_28	Old_28	FluoOptima	10/22/2013 16:29:54
0.3058	0.3334	0.3207	0.325	0.3119	0.3264	0.3172	0.3218	0.324	0.3244	0.3196	0.3101
0.3182	0.3381	0.3268	0.3183	0.3333	0.3128	0.3412	0.3201	0.3371	0.327	0.3236	0.3023
0.3084	0.3185	0.3178	0.3007	0.3183	0.3145	0.31	0.2963	0.3161	0.3022	0.3011	0.2905
0.3007	0.3162	0.3157	0.2989	0.3228	0.2968	0.3258	0.3174	0.3264	0.3069	0.309	0.2926
0.2967	0.3084	0.3053	0.2949	0.3016	0.2996	0.3288	0.3046	0.3253	0.2861	0.2928	0.2906
0.3097	0.3145	0.306	0.3036	0.3203	0.3155	0.3161	0.3077	0.3224	0.3061	0.3069	0.2923
0.3069	0.3178	0.3118	0.31	0.3264	0.3219	0.329	0.308	0.3284	0.3179	0.3081	0.3049
0.2992	0.3293	0.3257	0.335	0.3379	0.3278	0.3214	0.3265	0.3271	0.3168	0.3034	0.3006

