Old_1	Old_1	FluoOptima	09/13/2013 11:25:07
0.3326	0.3153	0.3154	0.3196	0.3211	0.317	0.3172	0.4345	0.3176	0.3115	0.3119	0.3012
0.3237	1.6709	1.356	0.9546	0.4429	1.9471	0.9805	0.4361	0.4396	0.4217	0.4233	0.3054
0.3066	1.137	1.0882	0.7809	0.8004	0.6273	0.3999	0.4448	0.3938	0.3699	0.3854	0.3043
0.3093	0.9695	0.8606	0.8841	0.764	0.5599	0.5476	0.3869	0.4027	0.3663	0.3693	0.3035
0.3076	0.7937	0.7447	0.6979	0.5237	0.5559	0.3587	0.3574	0.3359	0.3279	0.33	0.346
0.3045	0.6451	0.6556	0.604	0.5776	0.3564	0.3215	0.3226	0.3149	0.3074	0.312	0.3061
0.3093	0.4376	0.3779	0.46	0.4726	0.307	0.3003	0.3142	0.3	0.3087	0.2976	0.3035
0.3546	0.3067	0.3519	0.3339	0.3077	0.3104	0.3121	0.3302	0.3257	0.3114	0.3069	0.3049

Old_2	Old_2	FluoOptima	09/13/2013 11:34:19
0.3057	0.3187	0.3215	0.3207	0.3235	0.3207	0.3214	0.3215	0.3258	0.3159	0.314	0.3137
0.3118	1.3739	1.349	0.4465	0.4746	0.4981	0.49	0.4826	0.4837	0.4831	0.4804	0.3174
0.3188	1.3517	1.2838	0.9768	0.7341	0.4077	0.402	0.3813	0.3838	0.3724	0.392	0.3041
0.306	1.0637	1.0227	0.968	0.7995	0.3841	0.3562	0.3595	0.4142	0.3667	0.3825	0.3347
0.3021	0.8443	0.7826	0.698	0.6893	0.3229	0.3444	0.3098	0.3293	0.3241	0.3215	0.3464
0.3027	0.609	0.6134	0.585	0.5963	0.3235	0.2865	0.291	0.2959	0.2997	0.3113	0.3463
0.306	0.4465	0.4487	0.4401	0.4929	0.308	0.3103	0.2959	0.337	0.2903	0.2981	0.3021
0.2983	0.3285	0.3152	0.314	0.3115	0.3124	0.3243	0.3599	0.3595	0.3107	0.3027	0.3029

Old_3	Old_3	FluoOptima	09/13/2013 11:43:33
0.3245	0.3312	0.3405	0.3397	0.3264	0.3201	0.3191	0.3359	0.3204	0.3256	0.3494	0.3091
0.3106	1.508	1.1777	1.0075	0.5183	0.4532	0.4548	0.4293	0.4585	0.4449	0.4408	0.3241
0.3094	1.2644	1.2159	0.9445	0.4157	0.4745	0.426	0.401	0.4086	0.3979	0.4048	0.3002
0.3075	0.9896	1.0108	1.0252	0.7172	0.4	0.3944	0.3842	0.4045	0.4295	0.3947	0.3015
0.3066	0.7458	0.7593	0.4009	0.4224	0.3932	0.3356	0.4124	0.3276	0.3457	0.3572	0.3005
0.3527	0.3625	0.5663	0.6333	0.5224	0.3128	0.3053	0.3087	0.311	0.3081	0.3045	0.3013
0.3664	0.3384	0.3439	0.3163	0.5367	0.3558	0.2972	0.3105	0.3111	0.2975	0.3003	0.3429
0.3083	0.3295	0.3135	0.3197	0.3166	0.3173	0.3044	0.3629	0.3555	0.3132	0.3374	0.3168

Old_4	Old_4	FluoOptima	09/13/2013 11:52:47
0.3544	0.3195	0.3188	0.3198	0.3225	0.3197	0.3206	0.319	0.3229	0.3135	0.3086	0.2996
0.3109	1.2061	0.4576	0.5887	0.4598	0.4455	0.4486	0.4324	0.4476	0.4388	0.4396	0.3132
0.3192	1.2691	0.7108	0.4118	0.4022	0.4117	0.4138	0.4068	0.4195	0.406	0.448	0.3402
0.3093	1.182	0.9674	0.599	0.3698	0.3765	0.404	0.3931	0.4054	0.3986	0.3597	0.342
0.3124	0.6971	0.7226	0.6812	0.3275	0.3246	0.3244	0.329	0.3392	0.3287	0.3224	0.3474
0.3065	0.6213	0.6288	0.5475	0.5533	0.313	0.3138	0.3132	0.3115	0.3062	0.3043	0.2996
0.3065	0.4826	0.4953	0.3035	0.569	0.3038	0.2997	0.2925	0.2984	0.2958	0.2959	0.302
0.3499	0.3166	0.3477	0.3551	0.3132	0.3152	0.3144	0.3152	0.3188	0.3128	0.311	0.3102

Old_5	Old_5	FluoOptima	09/13/2013 12:02:02
0.3502	0.329	0.3242	0.3277	0.3234	0.323	0.3187	0.3265	0.3264	0.3368	0.3163	0.3112
0.3169	0.7811	0.7488	0.9978	0.5109	0.4373	0.448	0.4343	0.4563	0.4358	0.439	0.3312
0.3224	0.7735	0.4347	0.3696	0.6821	0.4586	0.4006	0.3961	0.4112	0.4192	0.3962	0.3087
0.3138	1.0528	0.9568	0.5826	0.3569	0.3598	0.3844	0.3504	0.4095	0.3899	0.3891	0.3087
0.3084	0.7765	0.7551	0.676	0.3249	0.3928	0.3495	0.2983	0.3107	0.306	0.3096	0.3369
0.3121	0.6128	0.532	0.689	0.5418	0.3096	0.3094	0.2998	0.3118	0.2992	0.3003	0.3538
0.3175	0.3227	0.5084	0.3346	0.496	0.3821	0.2959	0.2976	0.298	0.2998	0.2972	0.351
0.383	0.3243	0.3283	0.3218	0.3541	0.3276	0.3121	0.3645	0.3526	0.3145	0.3414	0.3059

Old_6	Old_6	FluoOptima	09/13/2013 12:11:18
0.3489	0.3244	0.3264	0.3307	0.3271	0.3258	0.3322	0.3185	0.3214	0.3485	0.309	0.3054
0.3624	1.6513	1.3095	2.1339	0.5803	0.5889	2.2586	0.428	0.4434	0.4302	0.4333	0.3052
0.3235	1.4197	1.2697	0.6882	0.8076	1.0117	0.4023	0.3986	0.4072	0.395	0.402	0.3016
0.3287	0.9522	0.8922	0.6333	0.8295	0.5107	0.3991	0.3612	0.3923	0.3914	0.3905	0.302
0.3474	0.9506	0.7328	0.7828	0.7309	0.5924	0.4172	0.5538	0.3274	0.315	0.3194	0.2969
0.382	0.6181	0.6442	0.5544	0.6742	0.3244	0.404	0.3267	0.3144	0.3637	0.3012	0.3559
0.3197	0.4787	0.3458	0.3197	0.3357	0.3201	0.2938	0.3232	0.2917	0.2922	0.2919	0.3539
0.3681	0.3191	0.3171	0.3426	0.3653	0.3227	0.3169	0.3158	0.3549	0.3056	0.3214	0.3006

Old_7	Old_7	FluoOptima	09/13/2013 12:20:36
0.3489	0.3244	0.3264	0.3307	0.3271	0.3258	0.3322	0.3185	0.3214	0.3485	0.309	0.3054
0.3624	1.6513	1.3095	2.1339	0.5803	0.5889	2.2586	0.428	0.4434	0.4302	0.4333	0.3052
0.3235	1.4197	1.2697	0.6882	0.8076	1.0117	0.4023	0.3986	0.4072	0.395	0.402	0.3016
0.3287	0.9522	0.8922	0.6333	0.8295	0.5107	0.3991	0.3612	0.3923	0.3914	0.3905	0.302
0.3474	0.9506	0.7328	0.7828	0.7309	0.5924	0.4172	0.5538	0.3274	0.315	0.3194	0.2969
0.382	0.6181	0.6442	0.5544	0.6742	0.3244	0.404	0.3267	0.3144	0.3637	0.3012	0.3559
0.3197	0.4787	0.3458	0.3197	0.3357	0.3201	0.2938	0.3232	0.2917	0.2922	0.2919	0.3539
0.3681	0.3191	0.3171	0.3426	0.3653	0.3227	0.3169	0.3158	0.3549	0.3056	0.3214	0.3006

Old_8	Old_8	FluoOptima	09/13/2013 12:29:52
0.3134	0.3263	0.3296	0.3233	0.3315	0.3206	0.3188	0.323	0.3203	0.3149	0.3098	0.3018
0.3386	1.5063	1.328	0.9368	0.4603	0.5404	0.4587	0.4414	0.4551	0.4473	0.4467	0.3037
0.3254	1.1319	0.9312	1.0196	1.1303	0.4159	0.4198	0.4113	0.4447	0.4044	0.3299	0.3018
0.3189	0.9805	0.998	0.9332	0.8218	0.398	0.3983	0.4623	0.4036	0.3984	0.367	0.2999
0.3171	0.6617	0.8021	0.6909	0.7047	0.3358	0.3464	0.3336	0.3487	0.3249	0.3208	0.3397
0.3178	0.5585	0.6036	0.5582	0.5941	0.4622	0.3163	0.3123	0.314	0.3624	0.3225	0.3011
0.3149	0.3175	0.3225	0.3489	0.3258	0.3014	0.3012	0.335	0.3027	0.3222	0.3019	0.3575
0.3664	0.3216	0.3219	0.3166	0.3153	0.3128	0.3129	0.313	0.3145	0.3711	0.3078	0.3052

Old_9	Old_9	FluoOptima	09/13/2013 12:39:06
0.3264	0.323	0.3242	0.3227	0.3217	0.322	0.3149	0.3161	0.3156	0.3096	0.3062	0.3056
0.3179	1.6056	1.3056	1.1218	0.4435	0.4496	0.4525	0.4454	0.4649	0.4516	0.4615	0.3026
0.3208	1.1461	1.161	0.8916	0.6524	0.4025	0.3983	0.3874	0.398	0.4051	0.3998	0.2971
0.3136	1.0589	1.069	1.0039	0.8987	0.3686	0.4263	0.3511	0.3885	0.3792	0.3452	0.3375
0.3155	0.7311	0.7164	0.6687	0.6831	0.3295	0.3274	0.3149	0.3332	0.3249	0.3189	0.2967
0.3127	0.5783	0.7622	0.55	0.5596	0.3387	0.3106	0.3061	0.3145	0.3489	0.3094	0.2991
0.3574	0.3175	0.3245	0.3228	0.3531	0.3074	0.3016	0.2973	0.3035	0.2962	0.323	0.3308
0.3092	0.3281	0.3331	0.3152	0.3358	0.3129	0.3259	0.3066	0.3097	0.3083	0.2999	0.3185

Old_10	Old_10	FluoOptima	09/13/2013 12:48:22
0.3295	0.3265	0.3263	0.3343	0.3302	0.3262	0.3195	0.3216	0.3231	0.3213	0.3139	0.3452
0.3271	1.3029	0.649	0.4717	1.5849	1.3902	1.4983	0.4614	0.4955	0.497	0.4896	0.3092
0.3249	1.0959	1.0164	1.3847	0.7752	0.798	0.8589	0.4044	0.4138	0.3993	0.4201	0.2991
0.3115	0.9711	0.9829	0.9123	0.7517	0.6835	0.7121	1.0033	0.3797	0.3411	0.3643	0.3026
0.3319	0.612	0.7075	0.7152	0.6706	0.5596	0.5677	0.6302	0.3141	0.3228	0.3192	0.302
0.3184	0.5959	0.5637	0.5404	0.6018	0.5458	0.5519	0.2981	0.3117	0.3061	0.3116	0.3561
0.3215	0.4981	0.4825	0.4677	0.5081	0.3405	0.2968	0.3076	0.302	0.2965	0.2945	0.3577
0.3154	0.3277	0.3308	0.3204	0.3475	0.3201	0.3076	0.3309	0.3087	0.3604	0.3354	0.3043

Old_11	Old_11	FluoOptima	09/13/2013 12:57:40
0.3145	0.3248	0.325	0.3298	0.3472	0.3756	0.326	0.3215	0.3239	0.3651	0.3186	0.3007
0.3512	1.6953	0.9439	1.6272	1.6191	0.4916	0.45	0.4446	0.451	0.4447	0.4341	0.3097
0.3432	1.2909	1.1554	1.301	0.7963	0.7802	0.7729	0.4446	0.443	0.3975	0.4657	0.352
0.3183	1.1097	1.1576	0.7795	0.5922	0.3726	0.9227	0.3823	0.3999	0.3841	0.3746	0.3072
0.3171	0.7051	0.7008	0.7338	0.8269	0.3321	0.3187	0.357	0.3225	0.3179	0.3565	0.3467
0.315	0.566	0.5684	0.6042	0.5726	0.5504	0.3139	0.3099	0.309	0.3107	0.3097	0.307
0.3202	0.5116	0.5117	0.4864	0.4938	0.3025	0.3003	0.2952	0.3575	0.2992	0.2967	0.3634
0.3417	0.3217	0.3229	0.3706	0.3181	0.3137	0.3166	0.3113	0.3166	0.3123	0.3451	0.3264

Old_12	Old_12	FluoOptima	09/13/2013 13:06:57
0.3111	0.3259	0.3195	0.3222	0.3244	0.3197	0.3186	0.3222	0.3203	0.3509	0.357	0.3089
0.322	1.2815	1.2071	0.4846	0.469	0.491	0.4652	0.4535	0.4715	0.4644	0.4497	0.3069
0.3286	1.3734	1.0979	0.8589	0.4434	0.4774	0.4163	0.4099	0.4206	0.4121	0.412	0.2997
0.3306	1.2395	1.1615	0.3411	1.051	0.4117	0.3725	0.3902	0.3863	0.4183	0.4025	0.3002
0.3416	0.7085	0.7012	0.6994	0.3751	0.3286	0.3302	0.3379	0.315	0.3215	0.3246	0.3002
0.3639	0.5578	0.5785	0.5376	0.5909	0.3037	0.3205	0.3074	0.3151	0.3294	0.3093	0.327
0.318	0.5076	0.4996	0.4394	0.4093	0.3639	0.3037	0.3041	0.3054	0.2999	0.339	0.2996
0.3155	0.3244	0.3322	0.3203	0.3427	0.3215	0.3065	0.3625	0.3496	0.3104	0.3048	0.3037

Old_13	Old_13	FluoOptima	09/13/2013 13:16:17
0.3204	0.3147	0.3165	0.3242	0.3157	0.3121	0.3088	0.3124	0.3158	0.304	0.322	0.3165
0.3308	1.4566	1.5687	1.5947	0.977	2.375	0.9203	0.539	0.4729	0.8273	0.4248	0.3229
0.3248	1.1082	0.9494	0.7428	0.7967	1.0378	0.9809	0.9029	0.5023	0.3672	0.3877	0.295
0.3075	0.9028	0.9324	0.8399	0.6499	0.5112	0.4869	0.3616	0.5247	0.4532	0.3758	0.3347
0.302	0.6953	0.7381	0.7514	0.5839	0.5706	0.4658	0.7279	0.481	0.3645	0.34	0.2941
0.302	0.591	0.619	0.6678	0.5778	0.4149	0.3059	0.4295	0.4596	0.447	0.3065	0.2941
0.344	0.471	0.4952	0.4959	0.5303	0.4029	0.3073	0.3305	0.3062	0.296	0.2953	0.2965
0.3014	0.3164	0.3093	0.3134	0.3338	0.3076	0.3038	0.3039	0.3355	0.3015	0.293	0.2955

Old_14	Old_14	FluoOptima	09/13/2013 13:25:37
0.3069	0.3151	0.3204	0.3188	0.3173	0.3111	0.3086	0.3115	0.3143	0.3169	0.3159	0.3023
0.3163	1.3518	1.5119	1.1047	0.7408	0.5962	0.5917	0.4856	0.4784	0.4269	0.4835	0.3029
0.3246	1.2072	1.297	1.0334	1.0054	0.6915	0.3928	0.3768	0.4268	0.3712	0.4064	0.3022
0.334	0.9965	0.9789	0.8882	0.6198	0.7256	0.3708	0.3626	0.3717	0.3605	0.361	0.3013
0.311	0.7721	0.7684	0.7532	0.7158	0.5511	0.3604	0.3412	0.353	0.3138	0.3148	0.3253
0.3528	0.6375	0.6125	0.6245	0.6402	0.5117	0.4813	0.4943	0.3688	0.3417	0.3035	0.3075
0.3153	0.4556	0.4533	0.4406	0.4709	0.3612	0.3156	0.3464	0.3055	0.311	0.2984	0.2939
0.3098	0.3344	0.3125	0.3117	0.3091	0.3163	0.3275	0.3066	0.3278	0.3054	0.3003	0.2974

Old_15	Old_15	FluoOptima	09/13/2013 13:34:58
0.3169	0.323	0.3197	0.3222	0.3237	0.3183	0.3174	0.318	0.3147	0.3105	0.3084	0.3025
0.317	1.6303	1.2649	1.6472	0.5749	0.6314	0.5236	1.1128	0.4993	0.4937	0.4745	0.3063
0.3197	1.0639	1.0507	1.0221	0.8613	0.8135	0.6793	0.3862	0.3991	0.3748	0.3957	0.3027
0.3176	1.0411	0.9698	0.9347	0.837	0.5361	0.4073	0.6607	0.3894	0.3693	0.371	0.3048
0.3234	0.7652	0.7772	0.7036	0.6781	0.5041	0.3523	0.6665	0.3611	0.3567	0.3524	0.3026
0.3191	0.6795	0.6564	0.6248	0.5875	0.4742	0.4495	0.3079	0.3137	0.3317	0.3021	0.2999
0.3402	0.3123	0.4545	0.4087	0.3326	0.3176	0.3135	0.3081	0.3087	0.3399	0.2983	0.3057
0.3244	0.3266	0.3309	0.3607	0.3139	0.3066	0.3156	0.3124	0.3295	0.3097	0.3125	0.3059

Old_16	Old_16	FluoOptima	09/13/2013 13:44:18
0.3261	0.314	0.3204	0.3179	0.3159	0.3148	0.3118	0.3142	0.3201	0.3253	0.3043	0.308
0.3204	1.3862	1.5048	1.1332	0.5834	0.5277	0.431	0.4273	0.4366	0.427	0.4232	0.3018
0.324	1.1019	0.9824	0.8771	0.7895	0.5663	0.3877	0.3919	0.3902	0.3909	0.3939	0.2931
0.3112	0.9652	0.8813	0.8613	0.6499	0.5715	0.3754	0.3974	0.3767	0.3962	0.3961	0.3327
0.3334	0.7268	0.6942	0.696	0.6171	0.5083	0.3255	0.3188	0.3212	0.3115	0.3144	0.3273
0.3398	0.5911	0.579	0.5729	0.5869	0.4695	0.3204	0.3548	0.3062	0.3092	0.3059	0.3033
0.3118	0.4924	0.4943	0.4639	0.5019	0.3187	0.3002	0.3019	0.2979	0.294	0.2965	0.3008
0.3039	0.318	0.3367	0.3458	0.3197	0.3144	0.3064	0.3122	0.346	0.311	0.3233	0.3228

Old_17	Old_17	FluoOptima	09/13/2013 13:53:38
0.3146	0.315	0.3175	0.3375	0.3197	0.3377	0.3158	0.3179	0.3182	0.4742	0.3116	0.3028
0.3114	1.4533	1.181	0.7977	0.7452	0.4705	0.4635	0.4337	0.4868	0.4823	0.4972	0.33
0.3144	1.3836	1.2697	0.8248	0.5955	0.4246	0.4152	0.3839	0.3865	0.3888	0.3941	0.3307
0.3112	1.1092	0.8776	0.8946	0.5881	0.4599	0.3671	0.3659	0.3754	0.3633	0.3692	0.306
0.3144	0.752	0.7259	0.738	0.6453	0.4577	0.3564	0.3466	0.3485	0.324	0.3237	0.3517
0.3086	0.6131	0.5962	0.6002	0.5398	0.4	0.328	0.3178	0.3226	0.3143	0.3118	0.3311
0.3437	0.4758	0.5008	0.4316	0.4218	0.3152	0.305	0.3456	0.308	0.3054	0.3044	0.3049
0.3042	0.3236	0.3425	0.3078	0.3259	0.3098	0.3093	0.3153	0.3198	0.3146	0.3169	0.309

Old_18	Old_18	FluoOptima	09/13/2013 14:02:59
0.317	0.3159	0.3161	0.3236	0.3148	0.3132	0.3082	0.3127	0.3328	0.3169	0.3101	0.3077
0.3329	1.3279	1.5557	1.1416	0.6671	0.4301	0.4297	0.4215	0.4309	0.4167	0.4302	0.3109
0.3133	1.0113	0.9472	0.775	0.6779	0.3958	0.38	0.376	0.3871	0.3759	0.4223	0.314
0.3057	1.041	0.7596	0.7418	0.6277	0.4279	0.3908	0.355	0.376	0.3654	0.3627	0.3041
0.3262	0.6631	0.6626	0.6283	0.5325	0.4714	0.331	0.3295	0.3327	0.3193	0.3239	0.3292
0.3113	0.5477	0.5475	0.5486	0.5346	0.4505	0.3187	0.3107	0.318	0.3089	0.3079	0.3134
0.3414	0.3763	0.4368	0.418	0.3141	0.3174	0.2964	0.3071	0.3015	0.3462	0.2979	0.3022
0.3361	0.3308	0.3146	0.3155	0.3422	0.3727	0.3141	0.3231	0.3636	0.3104	0.3063	0.3031

Old_19	Old_19	FluoOptima	09/13/2013 14:12:21
0.3333	0.3144	0.3135	0.3262	0.3239	0.3201	0.3224	0.3456	0.3303	0.3212	0.3471	0.3073
0.315	1.5097	1.6907	1.3923	1.3868	2.1466	0.6956	0.9304	0.5481	0.4759	0.4673	0.3096
0.3179	1.0656	1.2005	1.2656	0.7501	0.8336	0.8922	1.0132	0.5908	0.392	0.3979	0.3004
0.3255	0.9432	0.9379	0.9345	0.8031	0.693	0.648	0.602	0.4217	0.4391	0.3607	0.3022
0.3183	0.6903	0.6739	0.9709	0.6727	0.7032	0.7157	0.6405	0.4853	0.3574	0.3349	0.3055
0.3135	0.6578	0.557	0.5705	0.6069	0.5476	0.5227	0.4036	0.4967	0.3604	0.3189	0.3034
0.3163	0.4961	0.4692	0.4635	0.4827	0.3542	0.3101	0.3563	0.3158	0.3041	0.3044	0.3037
0.3409	0.3183	0.3378	0.329	0.3115	0.3152	0.3096	0.3143	0.3072	0.3468	0.3054	0.3057

Old_20	Old_20	FluoOptima	09/13/2013 14:21:37
0.3047	0.3136	0.3237	0.322	0.3296	0.317	0.3124	0.3216	0.3359	0.3149	0.3368	0.3071
0.3301	1.3237	1.6277	0.9445	0.6395	0.6538	0.4937	0.4907	0.4851	0.4391	0.436	0.3086
0.3237	1.1559	1.069	0.9189	0.623	0.5564	0.6487	0.3995	0.44	0.3898	0.3976	0.3154
0.3102	0.9053	0.9086	0.9264	1.0254	0.5813	0.3882	0.3756	0.3804	0.3614	0.3617	0.3319
0.3058	0.7201	0.707	0.8769	0.6728	0.5294	0.4695	0.3509	0.3511	0.3376	0.3363	0.299
0.3377	0.5753	0.5899	0.6794	0.6356	0.5084	0.5167	0.3934	0.3184	0.3286	0.3234	0.2988
0.304	0.484	0.436	0.4513	0.5104	0.3214	0.2988	0.2977	0.2969	0.3039	0.3043	0.3333
0.3254	0.3244	0.3136	0.3097	0.3149	0.3107	0.3048	0.3488	0.346	0.3366	0.3315	0.3163

Old_21	Old_21	FluoOptima	09/13/2013 14:31:11
0.3053	0.307	0.3129	0.3212	0.3137	0.3141	0.3079	0.3172	0.3377	0.3186	0.3085	0.3059
0.3251	1.3651	1.2902	1.1155	0.731	0.4519	0.4397	0.4266	0.4479	0.4697	0.4832	0.3226
0.3197	1.33	1.1943	1	0.7311	0.4902	0.3809	0.3755	0.3887	0.3799	0.3857	0.3168
0.304	0.9326	0.9471	0.9475	0.7564	0.4465	0.3707	0.3589	0.369	0.3602	0.3748	0.3063
0.3161	0.6529	0.7419	0.8741	0.7006	0.4161	0.328	0.3156	0.344	0.3161	0.3102	0.3251
0.3102	0.5529	0.5491	0.5319	0.597	0.442	0.3326	0.3098	0.3195	0.3588	0.304	0.298
0.3378	0.3601	0.3234	0.3803	0.3782	0.3189	0.3069	0.3512	0.3015	0.3038	0.3003	0.298
0.3007	0.3098	0.3151	0.3163	0.3371	0.3291	0.33	0.3461	0.3322	0.3273	0.3	0.3148

Old_22	Old_22	FluoOptima	09/13/2013 14:40:26
0.3211	0.3072	0.3073	0.3183	0.3183	0.3222	0.31	0.3098	0.3075	0.313	0.3085	0.3013
0.3065	1.4336	1.5725	1.6014	1.3242	1.1552	1.1612	1.1296	1.1938	0.7563	0.5195	0.339
0.3007	1.1945	0.9987	0.9449	0.9307	0.7232	0.8164	0.8358	0.9796	0.7993	0.4069	0.2927
0.3055	0.8142	0.8913	0.9746	0.8087	0.6253	0.6283	0.7577	0.7427	0.709	0.4315	0.2987
0.3083	0.6242	0.5944	0.6829	0.6835	0.6205	0.5758	0.5878	0.5943	0.5663	0.3817	0.3001
0.3122	0.5818	0.5972	0.582	0.5453	0.5527	0.5122	0.522	0.537	0.52	0.3951	0.3014
0.313	0.4993	0.4927	0.4744	0.4807	0.4631	0.3365	0.4174	0.3204	0.2994	0.393	0.2958
0.3219	0.3152	0.314	0.3104	0.3385	0.315	0.3201	0.3521	0.34	0.3073	0.2993	0.2985

Old_23	Old_23	FluoOptima	09/13/2013 14:49:38
0.3012	0.315	0.3199	0.3464	0.3177	0.3447	0.3257	0.3141	0.3475	0.3112	0.3069	0.3077
0.3079	1.6512	1.574	1.6058	1.6642	0.9708	0.8803	0.4378	0.4454	0.4331	0.4389	0.3072
0.3101	1.2465	1.1551	1.3376	1.2032	1.0794	0.8463	0.4023	0.4072	0.3905	0.403	0.3328
0.3073	1.1093	0.9007	0.8577	0.7989	0.8167	0.57	0.3449	0.3874	0.3629	0.3597	0.3071
0.3143	0.6552	0.6835	0.7144	0.6665	0.6791	0.6075	0.3686	0.3401	0.3316	0.3102	0.3456
0.341	0.568	0.579	0.6003	0.5831	0.5789	0.3997	0.3132	0.3055	0.3044	0.317	0.3055
0.3106	0.4954	0.4807	0.4529	0.5029	0.3937	0.3217	0.3075	0.302	0.2993	0.2944	0.3062
0.3223	0.3272	0.3209	0.3172	0.32	0.3166	0.3123	0.3159	0.3149	0.3152	0.3136	0.3075

Old_24	Old_24	FluoOptima	09/13/2013 14:58:52
0.3307	0.3139	0.3227	0.3288	0.319	0.3137	0.3101	0.3112	0.3463	0.3203	0.3341	0.3113
0.3131	1.2767	1.6068	1.5568	1.3711	1.1236	1.6939	1.6746	1.2213	0.5982	0.4388	0.3387
0.321	1.3588	1.4062	1.5201	1.433	1.2468	1.1869	1.041	0.7615	0.8445	0.4013	0.3238
0.3082	1.0333	1.0832	0.9001	0.9906	0.8367	0.7559	0.6987	0.762	0.7488	0.3514	0.3115
0.3048	0.6975	0.6965	0.7225	0.6327	0.6718	0.6147	0.5748	0.5838	0.5753	0.3403	0.3072
0.3074	0.7166	0.5749	0.5836	0.5705	0.5939	0.5679	0.5194	0.5166	0.4999	0.3071	0.3034
0.3082	0.4964	0.4994	0.4928	0.4959	0.3378	0.3009	0.296	0.3052	0.3382	0.3283	0.3023
0.3219	0.3216	0.3197	0.324	0.3123	0.3338	0.313	0.3123	0.335	0.3126	0.329	0.3054

Old_25	Old_25	FluoOptima	09/13/2013 15:08:08
0.3208	0.319	0.3179	0.3153	0.3259	0.3225	0.3208	0.3139	0.3291	0.3169	0.3123	0.3126
0.3187	0.434	0.4401	0.4282	0.4345	0.4384	0.4313	0.4387	0.4351	0.4303	0.4357	0.318
0.315	0.408	0.3874	0.3885	0.4046	0.3983	0.3966	0.3969	0.4063	0.3871	0.3986	0.3053
0.3133	0.3329	0.3501	0.3344	0.3474	0.3742	0.3745	0.3679	0.3386	0.3642	0.3465	0.3154
0.3194	0.315	0.3209	0.3057	0.3061	0.3454	0.3291	0.3524	0.3594	0.3229	0.3187	0.307
0.3103	0.316	0.311	0.3097	0.3108	0.3234	0.3258	0.3048	0.3199	0.3075	0.3128	0.3037
0.2961	0.3064	0.3483	0.3067	0.3066	0.309	0.314	0.3209	0.304	0.2985	0.2988	0.3041
0.3039	0.3153	0.3395	0.3112	0.3162	0.3268	0.3079	0.3354	0.3214	0.3204	0.3103	0.3084

Old_26	Old_26	FluoOptima	09/13/2013 15:17:24
0.3076	0.323	0.3244	0.3178	0.3183	0.3285	0.3131	0.3232	0.3315	0.3282	0.3153	0.3137
0.3205	0.4473	0.4491	0.44	0.4583	0.4566	0.4527	0.4459	0.477	0.4522	0.4649	0.3222
0.3163	0.3678	0.3619	0.3648	0.4312	0.4079	0.424	0.4148	0.4238	0.4149	0.4162	0.3019
0.3407	0.337	0.3629	0.3375	0.3364	0.3224	0.3665	0.3733	0.4015	0.3497	0.3678	0.3066
0.3101	0.3475	0.342	0.374	0.3413	0.3219	0.3455	0.3365	0.3283	0.3231	0.318	0.3099
0.3312	0.3154	0.3485	0.3121	0.3201	0.3267	0.3013	0.2981	0.3056	0.3023	0.3044	0.3039
0.3374	0.307	0.3235	0.331	0.3372	0.3029	0.3127	0.2987	0.3056	0.2981	0.3031	0.3053
0.3077	0.3199	0.3154	0.3139	0.315	0.3151	0.3153	0.3142	0.3245	0.313	0.306	0.3091

Old_27	Old_27	FluoOptima	09/13/2013 15:26:42
0.3175	0.3299	0.3269	0.3351	0.324	0.3315	0.3173	0.3205	0.3244	0.3161	0.3107	0.3046
0.3232	0.4332	0.4174	0.4242	0.4352	0.4335	0.4445	0.4259	0.4343	0.447	0.444	0.3113
0.3281	0.3895	0.3953	0.3886	0.3975	0.3846	0.4224	0.3799	0.3888	0.3739	0.3862	0.3043
0.3253	0.3494	0.3662	0.3616	0.3549	0.3768	0.3701	0.356	0.3725	0.3573	0.3475	0.309
0.3263	0.3357	0.3163	0.3136	0.349	0.3756	0.3456	0.3206	0.3313	0.3342	0.3243	0.308
0.328	0.3635	0.3228	0.3166	0.3124	0.3043	0.3115	0.3215	0.3081	0.3049	0.2974	0.3134
0.3191	0.3227	0.322	0.3174	0.3329	0.3184	0.3133	0.312	0.3081	0.2969	0.2959	0.3035
0.3225	0.3615	0.3209	0.3452	0.3266	0.3498	0.3472	0.3196	0.3176	0.3125	0.3174	0.3185

Old_28	Old_28	FluoOptima	09/13/2013 15:35:59
0.315	0.3298	0.3485	0.3248	0.3307	0.3301	0.3257	0.3302	0.3297	0.3243	0.3306	0.3078
0.3373	0.4252	0.4447	0.4406	0.4358	0.4431	0.4441	0.4327	0.4407	0.4232	0.4386	0.3177
0.311	0.4391	0.3912	0.4051	0.4074	0.4036	0.392	0.3838	0.3913	0.3796	0.3954	0.3144
0.3393	0.368	0.3843	0.3406	0.3582	0.3815	0.3764	0.3732	0.3805	0.3707	0.3792	0.3146
0.3124	0.3257	0.332	0.3235	0.3258	0.3514	0.3528	0.3852	0.3303	0.3175	0.3204	0.3101
0.3794	0.3227	0.3621	0.3165	0.3233	0.3155	0.3156	0.3386	0.331	0.2991	0.2959	0.3082
0.3407	0.3187	0.3158	0.3175	0.316	0.345	0.2982	0.3399	0.2982	0.325	0.2912	0.325
0.3172	0.3327	0.317	0.3206	0.3165	0.324	0.312	0.3499	0.3202	0.341	0.3188	0.3042


