Old_1	Old_1	FluoOptima	11/12/2013 14:20:16
0.3198	0.336	0.3205	0.3113	0.3071	0.3251	0.3212	0.3162	0.3221	0.3289	0.3214	0.3183
0.3338	0.3402	0.3344	0.329	0.3392	0.3246	0.4066	0.3261	0.345	0.3273	0.3266	0.3088
0.3174	0.3226	0.3222	0.3129	0.3257	0.3145	0.3192	0.311	0.3302	0.3128	0.3114	0.2943
0.3184	0.3247	0.3234	0.3082	0.3244	0.3178	0.3243	0.3167	0.3325	0.3134	0.3191	0.2972
0.3116	0.3102	0.3194	1.0852	0.4122	0.3111	0.3177	0.3063	0.3251	0.3014	0.3012	0.2935
0.3172	0.3258	0.3758	0.3127	0.3265	0.3196	0.3237	0.3139	0.3262	0.3141	0.31	0.2923
0.3212	0.3292	0.41	0.3384	0.3343	0.325	0.3321	0.3161	0.3338	0.3162	0.3097	0.2933
0.319	0.3413	0.329	0.3357	0.3416	0.3383	0.3322	0.3398	0.3413	0.3258	0.3129	0.3067

Old_2	Old_2	FluoOptima	11/12/2013 14:29:42
0.3211	0.3337	0.3191	0.3168	0.3152	0.3225	0.3213	0.3186	0.3277	0.3277	0.319	0.328
0.3321	0.3418	0.3318	0.3325	0.3475	0.3288	0.3404	0.3287	0.3501	0.3331	0.3306	0.3139
0.3165	0.3209	0.3192	0.3113	0.3254	0.3185	0.3201	0.3128	0.3291	0.3152	0.3099	0.3019
0.3164	0.3226	0.3219	0.3118	0.3224	0.3111	0.3202	0.3186	0.3336	0.3211	0.32	0.2989
0.3115	0.3075	0.3101	0.2962	0.3085	0.3083	0.315	0.3042	0.3384	0.3062	0.3059	0.2973
0.3205	0.3251	0.3216	0.3103	0.3292	0.32	0.323	0.3134	0.3293	0.3127	0.3129	0.2948
0.3284	0.3283	0.3322	0.315	0.3382	0.3236	0.3377	0.3109	0.331	0.3119	0.3114	0.2985
0.3191	0.3373	0.3335	0.3376	0.3562	0.3409	0.3335	0.3449	0.345	0.331	0.3129	0.3141

Old_3	Old_3	FluoOptima	11/12/2013 14:39:10
0.3203	0.3341	0.3161	0.3071	0.3069	0.3226	0.3208	0.3149	0.3209	0.3237	0.3166	0.3165
0.3334	0.335	0.3307	0.3258	0.3432	0.3294	0.3346	0.3275	0.3417	0.3233	0.3219	0.3072
0.3208	0.3253	0.319	0.308	0.3296	0.3077	0.3179	0.3084	0.331	0.3092	0.3074	0.2955
0.3199	0.3246	0.3252	0.3041	0.3237	0.3104	0.3214	0.3195	0.3315	0.3122	0.3147	0.297
0.3134	0.3104	0.3123	0.3037	0.303	0.3074	0.3155	0.3044	0.333	0.2887	0.305	0.2928
0.3203	0.3274	0.3258	0.3141	0.3253	0.3242	0.3257	0.3128	0.3216	0.3078	0.3027	0.2951
0.3231	0.3299	0.3257	0.3207	0.3318	0.3245	0.3323	0.3166	0.3213	0.3165	0.3048	0.291
0.3207	0.3431	0.3345	0.3484	0.3484	0.3421	0.3351	0.3576	0.3505	0.3351	0.3123	0.3054

Old_4	Old_4	FluoOptima	11/12/2013 14:48:35
0.3205	0.339	0.3226	0.3218	0.3183	0.3318	0.3233	0.3212	0.3293	0.3323	0.3197	0.3218
0.3324	0.3428	0.3317	0.3234	0.3436	0.3252	0.3347	0.3281	0.3471	0.3334	0.33	0.3145
0.3175	0.32	0.3215	0.3084	0.3265	0.3149	0.3199	0.3123	0.331	0.3189	0.3116	0.3022
0.3138	0.3229	0.3175	0.303	0.322	0.308	0.325	0.3129	0.3281	0.3104	0.3252	0.2989
0.3082	0.3129	0.3143	0.3053	0.3076	0.3096	0.3165	0.3032	0.3345	0.3073	0.3021	0.2964
0.315	0.3223	0.3221	0.311	0.3106	0.3218	0.3169	0.3125	0.3351	0.3069	0.3162	0.2948
0.3215	0.3233	0.3305	0.3155	0.328	0.327	0.3267	0.3081	0.3253	0.3198	0.3174	0.2941
0.3144	0.338	0.3302	0.3375	0.3621	0.3364	0.3327	0.3432	0.3354	0.3274	0.3089	0.3103

Old_5	Old_5	FluoOptima	11/12/2013 14:58:03
0.3158	0.3373	0.3339	0.309	0.3076	0.3274	0.3237	0.3157	0.3223	0.3256	0.3184	0.3133
0.3297	0.3427	0.3323	0.3259	0.3406	0.3259	0.3347	0.3234	0.3382	0.3265	0.3258	0.3043
0.3158	0.3259	0.3226	0.3089	0.3239	0.3116	0.3179	0.309	0.3273	0.3091	0.3099	0.2936
0.3152	0.3263	0.3292	0.305	0.3234	0.3085	0.3218	0.3122	0.3279	0.3118	0.307	0.2949
0.3123	0.3126	0.3168	0.3095	0.3056	0.3108	0.3165	0.3026	0.3256	0.2816	0.2924	0.2939
0.3149	0.3258	0.326	0.3113	0.327	0.317	0.3248	0.3168	0.33	0.3075	0.294	0.2906
0.3204	0.3272	0.3247	0.3205	0.3306	0.3285	0.3338	0.315	0.3347	0.3212	0.3058	0.2913
0.3207	0.3412	0.3348	0.338	0.3475	0.3404	0.3314	0.3505	0.3461	0.3264	0.3085	0.3044

Old_6	Old_6	FluoOptima	11/12/2013 15:07:33
0.315	0.3414	0.3269	0.3274	0.3271	0.337	0.3278	0.3304	0.3354	0.3387	0.3207	0.3173
0.3266	0.3414	0.3284	0.3314	0.3463	0.3292	0.332	0.3255	0.3443	0.3283	0.3305	0.3127
0.3161	0.3236	0.321	0.3105	0.3246	0.3151	0.3194	0.3142	0.3277	0.3016	0.3112	0.3001
0.3112	0.3327	0.3231	0.3086	0.3303	0.3102	0.3201	0.3166	0.3314	0.3137	0.3205	0.3004
0.3095	0.3102	0.3169	0.3054	0.3131	0.3084	0.3166	0.3055	0.3234	0.3111	0.3055	0.2967
0.3153	0.3248	0.3244	0.3149	0.3307	0.319	0.326	0.3177	0.325	0.3127	0.3144	0.2951
0.3235	0.3261	0.3292	0.3193	0.3372	0.3277	0.3319	0.3172	0.3356	0.3186	0.3113	0.2983
0.3177	0.337	0.3305	0.3362	0.3511	0.3368	0.3278	0.3398	0.3365	0.3241	0.3088	0.3072

Old_7	Old_7	FluoOptima	11/12/2013 15:17:04
0.3045	0.3426	0.3323	0.3319	0.3255	0.3333	0.3264	0.3201	0.3367	0.3305	0.3179	0.3071
0.3244	0.3333	0.424	0.3401	0.6463	0.3031	0.5908	0.3298	0.3454	0.3279	0.3265	0.3028
0.3103	0.322	0.4841	0.4957	0.4069	0.4378	0.2965	0.3084	0.3262	0.2948	0.3089	0.2913
0.3094	0.3232	0.3525	0.3082	0.3642	0.3038	0.304	0.3139	0.3276	0.3107	0.3147	0.2927
0.3087	0.3101	1.6366	1.7996	0.2917	0.3153	0.318	0.4922	0.323	0.2981	0.3023	0.2909
0.3132	0.3248	0.3055	0.3109	0.42	0.2813	0.324	0.2898	0.3246	0.3075	0.3061	0.2897
0.3166	0.3293	0.3225	0.3179	0.3339	0.3177	0.3294	0.3084	0.3318	0.3105	0.3049	0.2898
0.3113	0.3376	0.3289	0.3368	0.336	0.336	0.329	0.3331	0.3314	0.3228	0.3104	0.3006

Old_8	Old_8	FluoOptima	11/12/2013 15:26:32
0.3162	0.3425	0.3235	0.3217	0.3149	0.3248	0.3292	0.321	0.3272	0.3402	0.3188	0.3217
0.3261	0.343	0.3411	0.3384	0.3479	0.3325	0.3417	0.3307	0.3504	0.3366	0.3358	0.3104
0.3164	0.323	0.3229	0.3146	0.3228	0.3129	0.318	0.3096	0.3324	0.3127	0.3146	0.3003
0.3145	0.3277	0.3228	0.3118	0.3293	0.3112	0.3202	0.3128	0.3393	0.3181	0.3234	0.2985
0.3112	0.3157	0.3127	0.3081	0.3138	0.3094	0.3191	0.3088	0.3288	0.3092	0.3082	0.2937
0.3165	0.3283	0.3278	0.3163	0.3343	0.3272	0.3329	0.3168	0.3245	0.3176	0.3101	0.2951
0.322	0.3276	0.3297	0.322	0.3384	0.3272	0.3392	0.3178	0.3402	0.325	0.3171	0.2949
0.3129	0.337	0.331	0.3343	0.3459	0.3372	0.3317	0.337	0.3352	0.327	0.3094	0.3083

Old_9	Old_9	FluoOptima	11/12/2013 15:35:59
0.3222	0.353	0.3276	0.3173	0.3149	0.3235	0.3187	0.3213	0.3282	0.3285	0.3232	0.3212
0.3348	0.3494	0.3451	0.3384	0.3544	0.3373	0.3411	0.3395	0.3503	0.3363	0.3367	0.3135
0.3206	0.3339	0.3323	0.3198	0.3299	0.3213	0.3202	0.3216	0.3308	0.319	0.3195	0.2987
0.3198	0.3338	0.3343	0.32	0.3319	0.3166	0.3292	0.3295	0.3438	0.3211	0.3274	0.3018
0.315	0.3204	0.3281	0.3152	0.3217	0.3183	0.3243	0.3171	0.3353	0.3116	0.3095	0.2991
0.3233	0.3355	0.3359	0.3218	0.3373	0.3238	0.3316	0.3251	0.3389	0.3219	0.3158	0.2983
0.3252	0.3411	0.3349	0.3297	0.3429	0.3334	0.3444	0.3246	0.3433	0.3269	0.3168	0.2962
0.3207	0.3485	0.3362	0.3439	0.3484	0.3449	0.3387	0.3437	0.343	0.3301	0.3155	0.3064

Old_10	Old_10	FluoOptima	11/12/2013 15:45:27
0.3285	0.343	0.3277	0.3268	0.3192	0.3295	0.3227	0.3131	0.3208	0.328	0.3178	0.3327
0.3428	0.3578	0.3469	0.3447	0.5958	0.4334	0.4408	0.348	0.3586	0.3483	0.3501	0.3209
0.3279	0.3359	0.3322	0.323	0.3586	0.4867	0.5738	0.3215	0.3352	0.3225	0.3282	0.308
0.3231	0.3302	0.3377	0.3719	0.6701	0.4086	0.5196	0.4625	0.3511	0.3244	0.3337	0.3062
0.3206	0.3242	0.3311	0.3141	0.3897	0.5515	0.6129	1.0009	0.3465	0.3232	0.3203	0.3027
0.3276	0.3385	0.3393	0.4983	0.3664	0.4182	0.4861	0.3273	0.3499	0.3278	0.3285	0.3039
0.3339	0.3371	0.3371	0.3295	0.3518	0.4825	0.3492	0.3292	0.3516	0.3276	0.3216	0.3038
0.3252	0.3479	0.342	0.3417	0.3613	0.3455	0.3388	0.3473	0.3442	0.3336	0.319	0.3154

Old_11	Old_11	FluoOptima	11/12/2013 15:55:02
0.3215	0.3461	0.3231	0.3112	0.309	0.3191	0.3368	0.3126	0.3228	0.3146	0.3102	0.3147
0.3347	0.4624	0.338	0.7724	0.5048	0.328	0.3353	0.3317	0.3479	0.3326	0.3296	0.3039
0.3162	0.3275	0.3215	0.3128	0.3325	0.5035	0.345	0.3168	0.3326	0.3144	0.3136	0.29
0.3184	0.3264	0.3263	0.3047	0.3271	0.3217	0.4725	0.3204	0.3368	0.3162	0.3132	0.2941
0.3095	0.3149	0.323	0.3106	0.3161	0.3141	0.3204	0.3117	0.3269	0.3065	0.3023	0.29
0.319	0.33	0.3229	0.314	0.3261	0.3849	0.3223	0.3214	0.3301	0.3133	0.3106	0.2906
0.3207	0.3332	0.3292	0.323	0.3391	0.3271	0.3327	0.3194	0.3362	0.3219	0.3098	0.2878
0.3177	0.3405	0.3275	0.3349	0.3397	0.3353	0.3272	0.3371	0.3318	0.3225	0.3082	0.3022

Old_12	Old_12	FluoOptima	11/12/2013 16:04:33
0.32	0.337	0.3225	0.3231	0.311	0.3203	0.3283	0.3093	0.3183	0.3222	0.3272	0.3254
0.3337	0.6411	0.4248	0.3324	0.3426	0.3309	0.3446	0.3309	0.3559	0.3363	0.3366	0.3129
0.3176	0.3238	0.376	0.3124	0.3252	0.318	0.3287	0.3157	0.3302	0.3138	0.3171	0.2998
0.3124	0.3259	0.3271	0.3125	0.5618	0.3195	0.3272	0.3246	0.3403	0.3253	0.3229	0.2995
0.3147	0.3151	0.3216	0.3093	0.3189	0.3111	0.3284	0.3114	0.3369	0.3122	0.3133	0.297
0.3203	0.3289	0.3296	0.3098	0.3354	0.323	0.3333	0.323	0.3337	0.317	0.3143	0.2954
0.3204	0.3289	0.3334	0.3191	0.3411	0.3326	0.3407	0.3232	0.3425	0.3233	0.3137	0.2966
0.3139	0.3398	0.3321	0.3366	0.3565	0.34	0.3365	0.3422	0.3364	0.3291	0.3113	0.3097

Old_13	Old_13	FluoOptima	11/12/2013 16:14:05
0.3215	0.3373	0.3158	0.3122	0.3131	0.3223	0.3323	0.3097	0.3402	0.3146	0.3158	0.3137
0.3315	0.34	0.3378	0.3323	0.3529	0.3239	0.3383	0.327	0.3464	0.3322	0.328	0.3043
0.3162	0.3223	0.3249	0.3147	0.552	0.4845	0.3198	0.3086	0.3319	0.3116	0.3132	0.2932
0.3137	0.3245	0.3254	0.3107	0.3463	0.309	0.6925	0.3125	0.3364	0.3129	0.3212	0.2915
0.3116	0.3113	0.3193	0.309	0.315	0.3117	0.7934	0.5255	0.3244	0.3082	0.3068	0.2898
0.3176	0.3264	0.326	0.3143	0.3314	0.3205	0.323	0.315	0.7427	0.6522	0.3104	0.2915
0.321	0.3319	0.3302	0.3199	0.3362	0.3243	0.3275	0.3188	0.3378	0.3177	0.309	0.2913
0.3187	0.3413	0.3303	0.3385	0.3397	0.3389	0.3313	0.3421	0.3364	0.3254	0.311	0.302

Old_14	Old_14	FluoOptima	11/12/2013 16:23:39
0.3187	0.3427	0.3187	0.3193	0.313	0.3248	0.3169	0.314	0.3156	0.3474	0.3233	0.3225
0.3312	0.345	0.3377	0.3351	0.3452	0.3342	0.3845	0.336	0.3471	0.3316	0.3301	0.3129
0.3197	0.322	0.3289	0.3196	0.3318	0.32	0.3217	0.3149	0.3303	0.314	0.3154	0.3011
0.3193	0.3297	0.3335	0.315	0.3272	0.3202	0.3266	0.3235	0.3367	0.3189	0.3249	0.2978
0.3117	0.3193	0.3164	0.3124	0.3172	0.3138	0.3202	0.3099	0.3381	0.3107	0.3123	0.2951
0.3157	0.3256	0.3328	0.3183	0.333	0.3229	0.3311	0.3177	0.3345	0.3175	0.315	0.2927
0.3275	0.3249	0.3322	0.3189	0.3419	0.3374	0.3488	0.3247	0.3407	0.3278	0.3135	0.2989
0.3132	0.3416	0.3264	0.3369	0.3653	0.3417	0.3337	0.348	0.3397	0.3311	0.3132	0.3107

Old_15	Old_15	FluoOptima	11/12/2013 16:33:13
0.3161	0.3536	0.3365	0.3146	0.3126	0.3183	0.3276	0.3064	0.3291	0.3171	0.311	0.3157
0.3356	0.3402	0.4236	0.3766	0.7167	0.3478	0.5509	0.3249	0.6237	0.3309	0.3292	0.3062
0.3166	0.3218	0.3921	0.3712	0.4295	0.3132	0.4057	0.3088	0.3249	0.3072	0.3108	0.2945
0.3146	0.3239	0.3213	0.3065	0.3934	0.3099	0.3427	0.3469	0.3329	0.3104	0.3165	0.2956
0.309	0.3105	0.3162	0.3068	0.3068	0.3087	0.3157	0.3297	0.3265	0.3024	0.2989	0.292
0.3155	0.3251	0.3205	0.3112	0.3268	0.3188	0.3208	0.3127	0.3259	0.3101	0.3061	0.2919
0.3194	0.3315	0.3232	0.3189	0.3352	0.325	0.3343	0.3119	0.333	0.3182	0.3039	0.2928
0.3192	0.3454	0.3275	0.3419	0.3483	0.3406	0.3379	0.3383	0.3407	0.3263	0.3129	0.3039

Old_16	Old_16	FluoOptima	11/12/2013 16:49:25
0.3284	0.349	0.3311	0.3457	0.3225	0.3513	0.3432	0.3229	0.3219	0.3321	0.329	0.3308
0.3431	0.3525	0.344	0.3398	0.3516	0.334	0.3465	0.3353	0.3565	0.3399	0.3423	0.319
0.3266	0.3326	0.3328	0.3184	0.3344	0.3223	0.3301	0.3209	0.335	0.3209	0.3212	0.305
0.3235	0.3347	0.3352	0.3144	0.3318	0.3174	0.3305	0.325	0.343	0.3258	0.3284	0.3038
0.3198	0.3204	0.3273	0.3138	0.3201	0.319	0.3288	0.3123	0.3374	0.3164	0.3143	0.3024
0.3281	0.3339	0.3347	0.3228	0.3398	0.3289	0.3357	0.3214	0.3388	0.32	0.3201	0.2995
0.3339	0.3365	0.3411	0.3278	0.3456	0.3365	0.3467	0.3241	0.3424	0.3277	0.3191	0.3028
0.3313	0.3557	0.3441	0.3467	0.3765	0.3527	0.3545	0.3534	0.3535	0.3437	0.326	0.3199

Old_17	Old_17	FluoOptima	11/12/2013 16:58:59
0.3168	0.339	0.3222	0.3217	0.3164	0.3244	0.3199	0.3302	0.3307	0.3181	0.3208	0.3125
0.3301	0.3364	0.334	0.3274	0.3379	0.3265	0.3335	0.3223	0.3423	0.3241	0.3307	0.3034
0.314	0.3197	0.3197	0.3082	0.3236	0.3135	0.3154	0.3063	0.3253	0.3041	0.3121	0.2915
0.3127	0.32	0.32	0.3083	0.3211	0.3075	0.3202	0.312	0.3309	0.3068	0.315	0.2909
0.3082	0.305	0.317	0.3059	0.3063	0.3082	0.3142	0.303	0.3232	0.3013	0.3025	0.29
0.3107	0.3216	0.3205	0.3072	0.3238	0.3175	0.3196	0.3107	0.3223	0.3104	0.3075	0.2896
0.3143	0.3266	0.3189	0.3183	0.3328	0.3235	0.3273	0.3145	0.3291	0.3168	0.3077	0.2906
0.315	0.3406	0.3315	0.3379	0.3441	0.3405	0.3401	0.3489	0.3468	0.3267	0.3125	0.305

Old_18	Old_18	FluoOptima	11/12/2013 17:08:34
0.3195	0.3488	0.3287	0.3275	0.3332	0.3272	0.3345	0.3142	0.3219	0.3474	0.324	0.3223
0.3297	0.342	0.3287	0.3295	0.3429	0.324	0.3403	0.3272	0.346	0.3358	0.333	0.3119
0.3148	0.3208	0.3221	0.3101	0.3279	0.3126	0.321	0.3135	0.3291	0.3146	0.3095	0.2984
0.3106	0.3237	0.3242	0.3037	0.3263	0.3099	0.3249	0.3172	0.3328	0.3176	0.3169	0.2947
0.3101	0.3106	0.3137	0.3039	0.3112	0.3078	0.3193	0.3047	0.3285	0.3067	0.3022	0.2933
0.3124	0.3234	0.3202	0.3077	0.3301	0.3211	0.3274	0.3154	0.3292	0.3145	0.3126	0.2916
0.3237	0.3237	0.3255	0.3171	0.3393	0.3253	0.3361	0.3181	0.3362	0.3197	0.3151	0.2933
0.3203	0.3402	0.3305	0.3331	0.3527	0.3407	0.3357	0.3379	0.3457	0.3268	0.3084	0.3097

Old_19	Old_19	FluoOptima	11/12/2013 17:18:11
0.3138	0.3474	0.3347	0.323	0.3163	0.3245	0.3295	0.3109	0.3122	0.3168	0.3109	0.3121
0.3256	0.3369	0.3741	0.3874	0.3412	0.4154	0.3417	0.3243	0.3584	0.3235	0.3218	0.3027
0.3141	0.3207	0.3215	0.3295	0.3533	0.31	0.3189	0.3038	0.4151	0.3045	0.3059	0.2914
0.3082	0.3197	0.3199	0.3087	0.3746	0.3179	0.3213	0.3109	0.3771	0.3062	0.3129	0.2912
0.3045	0.3066	0.3106	0.302	0.3018	0.3284	0.4891	0.55	0.322	0.3	0.3024	0.2868
0.3139	0.324	0.3234	0.3076	0.3243	0.5793	0.3361	0.3497	0.3257	0.3114	0.3059	0.2874
0.3167	0.3269	0.3225	0.3174	0.3323	0.3213	0.3334	0.3189	0.3247	0.3121	0.3077	0.2845
0.3079	0.3346	0.3253	0.3288	0.3433	0.3375	0.3384	0.3405	0.3398	0.3263	0.3104	0.2956

Old_20	Old_20	FluoOptima	11/12/2013 17:27:40
0.3134	0.3381	0.322	0.3242	0.3201	0.332	0.3225	0.3172	0.3288	0.3362	0.3219	0.3186
0.3265	0.3419	0.3278	0.3504	0.3415	0.3297	0.3307	0.3231	0.3445	0.3338	0.333	0.3101
0.3107	0.3212	0.3204	0.3121	0.3271	0.3189	0.3421	0.3057	0.3544	0.3075	0.3148	0.2976
0.3093	0.3283	0.3277	0.3039	0.3248	0.3124	0.3177	0.3112	0.3342	0.3198	0.3199	0.296
0.3052	0.3138	0.3194	0.3093	0.3161	0.3107	0.3186	0.3018	0.3306	0.3044	0.3062	0.2959
0.3138	0.3285	0.3265	0.3179	0.3388	0.3272	0.3276	0.311	0.3242	0.313	0.3103	0.2945
0.3191	0.3263	0.3251	0.3174	0.3361	0.332	0.3312	0.3193	0.3298	0.3157	0.3109	0.2938
0.3122	0.3343	0.3358	0.3315	0.3493	0.3415	0.3343	0.3411	0.3427	0.3256	0.3099	0.3058

Old_21	Old_21	FluoOptima	11/12/2013 17:37:29
0.3228	0.3488	0.3392	0.3281	0.3328	0.3384	0.3304	0.3289	0.3334	0.3352	0.327	0.3226
0.3291	0.3134	0.3388	0.3282	0.3499	0.3322	0.3371	0.3299	0.3531	0.3347	0.3291	0.3119
0.3173	0.331	0.3151	0.3168	0.3273	0.3117	0.3036	0.3224	0.317	0.3106	0.2985	0.2981
0.3081	0.3251	0.328	0.2507	0.3231	0.3118	0.3175	0.3023	0.3283	0.3131	0.2988	0.2966
0.306	0.2857	0.3266	0.309	0.3159	0.3105	0.3168	0.2995	0.3251	0.3079	0.2907	0.2939
0.3131	0.3262	0.3236	0.316	0.3279	0.2908	0.2775	0.3119	0.3298	0.3097	0.3142	0.2948
0.316	0.3307	0.3205	0.3077	0.2917	0.314	0.3285	0.304	0.3285	0.3178	0.2844	0.2959
0.3131	0.3397	0.3296	0.3301	0.3338	0.3352	0.3276	0.3398	0.3354	0.3162	0.313	0.3063

Old_22	Old_22	FluoOptima	11/12/2013 17:46:56
0.3209	0.3548	0.3448	0.3325	0.3354	0.3423	0.3284	0.3227	0.3264	0.3315	0.32	0.3138
0.3331	0.5541	0.3437	0.5437	0.4992	0.4674	0.5014	0.7201	0.6441	0.6247	0.3291	0.306
0.3233	0.3353	0.3312	0.3194	0.4992	0.5734	0.5531	0.4196	0.5243	0.4956	0.3153	0.2937
0.3201	0.334	0.33	0.3172	0.519	0.5775	0.5749	0.5529	0.573	0.48	0.3195	0.2968
0.315	0.6448	0.3247	0.3137	0.3213	0.4968	0.475	0.5278	0.4243	0.4051	0.3069	0.2946
0.3249	0.4056	0.47	0.6006	0.3389	0.4991	0.4868	0.5566	0.4491	0.5341	0.3142	0.2941
0.3274	0.3434	0.3391	0.3302	0.3502	0.6296	0.5968	0.3281	0.3414	0.3253	0.3148	0.293
0.3228	0.3529	0.3446	0.3546	0.358	0.3517	0.3479	0.3566	0.3529	0.341	0.3212	0.3117

Old_23	Old_23	FluoOptima	11/12/2013 17:56:21
0.3174	0.3493	0.3179	0.3401	0.3224	0.3226	0.3129	0.3135	0.3219	0.331	0.3175	0.3187
0.33	0.344	0.332	0.3341	0.3461	0.3294	0.3409	0.3304	0.349	0.334	0.3324	0.3071
0.3174	0.3273	0.3303	0.3213	0.333	0.3175	0.3212	0.3152	0.3272	0.3149	0.313	0.2955
0.3061	0.3254	0.3281	0.3073	0.3261	0.3099	0.3253	0.3092	0.3296	0.3154	0.32	0.2931
0.3084	0.3179	0.3207	0.3099	0.3144	0.3105	0.3238	0.3056	0.324	0.3027	0.3076	0.2937
0.3137	0.3243	0.3265	0.3142	0.3336	0.3198	0.3249	0.305	0.3278	0.3121	0.3119	0.2886
0.3172	0.324	0.3283	0.3165	0.341	0.3266	0.3374	0.3207	0.3358	0.3215	0.312	0.2915
0.3191	0.3428	0.3393	0.3452	0.3518	0.3485	0.3466	0.3549	0.3496	0.3355	0.3145	0.3047

Old_24	Old_24	FluoOptima	11/12/2013 18:05:48
0.3222	0.3548	0.3465	0.3473	0.3147	0.3235	0.3197	0.3408	0.3439	0.3298	0.3235	0.3173
0.3345	0.526	0.4973	0.521	0.5295	0.4835	0.4963	0.5061	0.4883	0.498	0.3292	0.3067
0.3205	0.3367	0.337	0.4624	0.4794	0.4482	0.4603	0.4414	0.4747	0.4799	0.3165	0.2964
0.3192	0.3352	0.3365	0.3197	0.4709	0.4452	0.4635	0.513	0.4771	0.4717	0.3241	0.2975
0.3124	0.325	0.3307	0.3169	0.5001	0.4446	0.4661	0.5078	0.4738	0.4336	0.3048	0.2943
0.3213	0.3392	0.3401	0.32	0.4782	0.4596	0.4736	0.4488	0.4619	0.4489	0.3136	0.295
0.3288	0.4992	0.3421	0.471	0.3501	0.464	0.4548	0.332	0.3438	0.3199	0.3168	0.2946
0.3243	0.3541	0.3463	0.3599	0.3704	0.3661	0.3633	0.3664	0.3618	0.3473	0.325	0.3138

