Old_1	Old_1	FluoOptima	10/10/2013 12:19:23
0.3054	0.3178	0.311	0.3098	0.308	0.3275	0.3183	0.3166	0.3157	0.3285	0.3088	0.322
0.3109	1.3793	1.3322	0.358	2.4021	0.8854	0.3463	0.3338	0.3619	0.3462	0.3409	0.3081
0.2931	1.0056	0.7997	0.4685	0.3294	0.317	0.3284	0.3293	0.3308	0.3101	0.3156	0.2965
0.296	0.7937	0.8913	0.5605	0.3776	0.4778	0.3226	0.3158	0.3273	0.3114	0.3092	0.2962
0.295	0.59	0.5718	0.5946	0.5384	0.3507	0.3189	0.3079	0.3273	0.298	0.2934	0.2949
0.3036	0.6253	0.4257	0.4823	0.4563	0.3835	0.3235	0.308	0.3222	0.298	0.2955	0.2929
0.3055	0.3228	0.3267	0.3231	0.3389	0.3198	0.3218	0.3045	0.3254	0.3023	0.3013	0.296
0.3054	0.3295	0.3315	0.3357	0.3403	0.339	0.3374	0.3425	0.3445	0.3338	0.3216	0.3158

Old_2	Old_2	FluoOptima	10/10/2013 12:28:49
0.3002	0.3211	0.3069	0.3042	0.3069	0.3109	0.3064	0.3069	0.3019	0.3133	0.3049	0.3078
0.3066	1.0175	1.1067	0.338	0.349	0.326	0.3329	0.3247	0.3469	0.3344	0.3309	0.2967
0.2926	0.9675	0.7506	0.8538	0.3189	0.3028	0.3056	0.3018	0.3242	0.3026	0.2992	0.2842
0.2947	0.8436	0.806	0.6689	0.4557	0.2988	0.3092	0.3032	0.3136	0.3027	0.3069	0.2897
0.2862	0.5406	0.5167	0.7468	0.5396	0.2937	0.3046	0.2905	0.3078	0.2906	0.2871	0.2864
0.2979	0.4506	0.4411	0.4366	0.4141	0.3029	0.3077	0.3031	0.3162	0.2963	0.2915	0.2859
0.3011	0.3112	0.3274	0.3032	0.3227	0.3121	0.3198	0.3043	0.3157	0.2982	0.2905	0.2918
0.3002	0.3279	0.3154	0.3259	0.3335	0.3301	0.3321	0.3358	0.3368	0.3254	0.3105	0.3068

Old_3	Old_3	FluoOptima	10/10/2013 12:38:15
0.2991	0.3076	0.3042	0.3049	0.3028	0.3103	0.3047	0.3049	0.3085	0.3077	0.3006	0.3079
0.3095	1.2456	0.8189	0.3323	0.343	0.325	0.3335	0.3256	0.346	0.3304	0.3299	0.2959
0.2934	0.8702	0.7624	0.6455	0.3158	0.3009	0.3085	0.2952	0.3219	0.303	0.3022	0.2822
0.2953	0.689	0.7422	0.7442	0.3924	0.2984	0.3139	0.3021	0.3203	0.3006	0.3026	0.2857
0.2888	0.4772	0.5407	0.6255	0.4838	0.2922	0.3058	0.2914	0.3098	0.2871	0.2892	0.2872
0.2942	0.4905	0.4049	0.4125	0.4239	0.3014	0.3068	0.3012	0.3111	0.2913	0.2871	0.2825
0.3048	0.4856	0.3113	0.304	0.321	0.3119	0.3237	0.305	0.3196	0.306	0.29	0.2881
0.3019	0.3226	0.3192	0.3295	0.3335	0.3318	0.3323	0.339	0.3294	0.3197	0.3091	0.305

Old_4	Old_4	FluoOptima	10/10/2013 12:47:42
0.2978	0.306	0.3014	0.3002	0.2973	0.3046	0.2932	0.2826	0.2926	0.2893	0.2884	0.3099
0.3029	1.0148	0.5722	0.3883	0.3475	0.3258	0.3373	0.3298	0.3518	0.3378	0.3343	0.299
0.2934	1.0095	0.4515	0.6447	0.316	0.3028	0.306	0.2968	0.3173	0.2995	0.3032	0.2865
0.2894	0.761	0.7854	0.6005	0.3171	0.2941	0.3096	0.3075	0.3179	0.3087	0.3193	0.2861
0.291	0.609	0.5126	0.4914	0.297	0.3878	0.303	0.2934	0.3115	0.2945	0.2914	0.2898
0.2963	0.3911	0.3992	0.3689	0.4179	0.3014	0.3107	0.2992	0.3171	0.2961	0.2994	0.2843
0.3017	0.4162	0.3133	0.3056	0.3238	0.3149	0.319	0.2988	0.3171	0.3079	0.279	0.2914
0.2981	0.3256	0.3148	0.3206	0.3279	0.3259	0.3272	0.3357	0.3323	0.3246	0.3077	0.305

Old_5	Old_5	FluoOptima	10/10/2013 12:57:11
0.2996	0.318	0.3064	0.3054	0.3069	0.311	0.3044	0.3004	0.3154	0.312	0.3036	0.3045
0.3061	0.6608	0.9647	0.3351	0.3415	0.3234	0.3353	0.3252	0.3492	0.3328	0.3256	0.2925
0.2913	0.546	1.1155	0.3832	0.3156	0.761	0.3099	0.3004	0.32	0.3014	0.3016	0.2804
0.2929	0.7975	0.7199	0.294	0.3128	0.2938	0.3094	0.3016	0.3138	0.2961	0.3043	0.2825
0.2917	0.4728	0.5095	0.4511	0.4706	0.2896	0.3025	0.2873	0.3075	0.2887	0.2881	0.2818
0.2984	0.3615	0.6735	0.3849	0.3832	0.3001	0.307	0.2971	0.3125	0.2958	0.2909	0.2801
0.3043	0.3098	0.3186	0.3028	0.3537	0.3114	0.3178	0.3005	0.3176	0.3015	0.2947	0.2831
0.2942	0.3226	0.3151	0.3237	0.332	0.3248	0.3234	0.3254	0.3267	0.3135	0.3032	0.2982

Old_6	Old_6	FluoOptima	10/10/2013 13:06:42
0.2973	0.3222	0.3126	0.3086	0.3126	0.3176	0.311	0.3094	0.3203	0.3213	0.3113	0.3061
0.3104	0.3464	0.3373	0.4939	0.3473	0.3305	0.3354	0.3273	0.3489	0.3351	0.336	0.2977
0.2956	1.1929	0.3146	0.3055	0.3164	0.3082	0.316	0.3061	0.317	0.3026	0.3074	0.2846
0.294	0.5365	0.987	0.296	0.4606	0.2988	0.3102	0.3044	0.3167	0.3045	0.3152	0.2855
0.2914	0.777	0.4702	0.4304	0.2994	0.2945	0.3061	0.2938	0.3138	0.2961	0.2948	0.2819
0.2972	0.3058	0.3672	0.3461	0.3149	0.3035	0.3104	0.2984	0.3032	0.2941	0.2972	0.2813
0.3035	0.3105	0.3188	0.3029	0.3199	0.3108	0.3188	0.297	0.3221	0.2931	0.2923	0.2845
0.2994	0.3186	0.3215	0.3239	0.3279	0.3244	0.3174	0.3278	0.3244	0.3151	0.3	0.3009

Old_7	Old_7	FluoOptima	10/10/2013 13:16:13
0.301	0.3051	0.3065	0.2977	0.2983	0.311	0.2984	0.3027	0.2984	0.3183	0.3058	0.3164
0.3066	1.3083	0.5441	1.1921	0.4366	2.3367	0.3345	0.3325	0.3442	0.3414	0.335	0.3021
0.2904	0.904	0.9328	1.0125	0.4475	0.305	0.3089	0.3059	0.327	0.3079	0.3122	0.2873
0.2926	0.8381	0.7638	0.667	0.4166	0.3007	0.3131	0.3054	0.3285	0.3052	0.3123	0.2844
0.2887	0.7142	0.4789	0.5006	0.4423	0.4384	0.3053	0.2913	0.3235	0.3068	0.2993	0.2824
0.2951	0.447	0.4049	0.3701	0.4185	0.3035	0.3076	0.2951	0.318	0.3069	0.3012	0.286
0.2999	0.3203	0.3074	0.3006	0.3164	0.31	0.324	0.3021	0.3162	0.2961	0.2963	0.2859
0.2988	0.3164	0.3174	0.3208	0.3285	0.3282	0.3263	0.3379	0.3385	0.325	0.3115	0.3049

Old_8	Old_8	FluoOptima	10/10/2013 13:25:43
0.298	0.3211	0.3104	0.302	0.2917	0.3072	0.2996	0.2949	0.32	0.3054	0.301	0.3075
0.3074	0.8458	1.276	0.3248	0.4423	0.3257	0.3399	0.3236	0.3483	0.34	0.3239	0.2955
0.2929	0.9717	1.1692	0.3811	0.4087	0.3701	0.3072	0.3021	0.327	0.2975	0.3078	0.2844
0.2929	0.9881	0.7467	0.6008	0.3967	0.6072	0.5174	0.3053	0.3119	0.3027	0.3098	0.2854
0.2902	0.6089	0.7509	0.8776	0.4549	0.2957	0.4863	0.3054	0.3112	0.3004	0.2885	0.2859
0.2977	0.4036	0.3966	0.3849	0.4852	0.4765	0.3086	0.2993	0.3086	0.3059	0.2927	0.285
0.3037	0.3159	0.3142	0.3243	0.3254	0.314	0.3275	0.3071	0.3251	0.3142	0.2982	0.2878
0.2981	0.3207	0.3167	0.3267	0.3299	0.3261	0.3257	0.3314	0.3296	0.3179	0.3052	0.301

Old_9	Old_9	FluoOptima	10/10/2013 13:35:55
0.2994	0.3028	0.2873	0.2957	0.295	0.3031	0.2995	0.2925	0.2957	0.3121	0.3018	0.3106
0.3026	1.3028	1.1821	0.3226	0.3417	0.323	0.3305	0.3241	0.3539	0.3357	0.332	0.2962
0.2905	0.8666	0.9302	0.9388	0.819	0.3093	0.3072	0.3051	0.3168	0.3019	0.3001	0.2833
0.2899	0.7124	0.7063	0.789	0.612	0.3704	0.3188	0.3041	0.3117	0.3049	0.3098	0.286
0.2859	0.2901	0.4821	0.4863	0.5498	0.2978	0.3024	0.297	0.3084	0.2966	0.2875	0.285
0.2961	0.3036	0.4063	0.3758	0.4221	0.2988	0.3062	0.2998	0.2999	0.2955	0.2852	0.2835
0.3032	0.3063	0.3076	0.3	0.3172	0.3074	0.312	0.3038	0.3234	0.3067	0.2986	0.2875
0.2968	0.321	0.3144	0.3218	0.3296	0.3271	0.3268	0.3361	0.3311	0.3203	0.3093	0.3015

Old_10	Old_10	FluoOptima	10/10/2013 13:45:24
0.2969	0.3125	0.3047	0.292	0.3021	0.3026	0.298	0.2994	0.3065	0.3132	0.2963	0.3085
0.3032	1.2428	1.335	0.3378	0.7908	1.207	0.3297	0.3223	0.3546	0.3279	0.3308	0.2984
0.2861	1.0543	0.7586	0.6056	0.3127	0.5034	0.3065	0.3007	0.327	0.3017	0.3077	0.2865
0.2884	0.6646	0.8994	0.8827	0.5629	0.6139	0.46	0.2962	0.3191	0.2958	0.2996	0.2888
0.2877	0.5428	0.3534	0.4951	0.4862	0.4022	0.3044	0.2916	0.3214	0.3	0.2846	0.2841
0.2929	0.4148	0.3718	0.3481	0.4616	0.3768	0.4805	0.3009	0.3142	0.3006	0.2883	0.2856
0.2989	0.32	0.3101	0.3089	0.3339	0.3067	0.3038	0.2946	0.3205	0.3038	0.2913	0.2844
0.3009	0.3195	0.3241	0.3286	0.333	0.3278	0.3294	0.3432	0.3382	0.3258	0.3078	0.3021

Old_11	Old_11	FluoOptima	10/10/2013 13:54:54
0.2982	0.3154	0.307	0.2966	0.2986	0.3028	0.2795	0.3033	0.3042	0.3082	0.2988	0.3092
0.3077	1.0115	1.1562	0.6504	0.3239	0.3117	0.3228	0.3211	0.355	0.3414	0.34	0.2958
0.2958	1.2111	0.8221	1.0591	0.7285	0.6062	0.645	0.3014	0.3189	0.3066	0.3045	0.2836
0.2925	0.93	0.8588	0.5907	0.4202	0.5674	0.4365	0.3061	0.3127	0.3026	0.3115	0.2863
0.2871	0.4887	0.6922	0.7648	0.5064	0.2931	0.3073	0.2851	0.3074	0.2961	0.2899	0.2849
0.2946	0.3624	0.4017	0.6222	0.4385	0.3741	0.5611	0.3001	0.3208	0.3072	0.2949	0.286
0.3029	0.4522	0.3193	0.3071	0.3285	0.3101	0.3208	0.2955	0.3278	0.3014	0.2808	0.2883
0.3	0.3315	0.324	0.3441	0.3406	0.3336	0.3298	0.3365	0.3325	0.3211	0.3111	0.3023

Old_12	Old_12	FluoOptima	10/10/2013 14:04:26
0.2985	0.3164	0.3079	0.3086	0.3066	0.3168	0.3069	0.3092	0.3174	0.3137	0.3064	0.3139
0.3093	1.3259	1.2674	1.1539	0.3488	0.3265	0.3384	0.336	0.3529	0.3359	0.3388	0.3005
0.2859	0.9782	1.1583	0.9747	0.3157	0.3062	0.3117	0.3086	0.3246	0.2981	0.311	0.2902
0.2907	0.6778	0.8421	0.6036	0.7518	0.2966	0.3119	0.3039	0.32	0.307	0.3135	0.2875
0.2877	0.4866	0.523	0.5357	0.2965	0.2959	0.3013	0.2942	0.3204	0.2909	0.286	0.2841
0.2965	0.4238	0.4145	0.4316	0.3118	0.309	0.3093	0.3007	0.3086	0.3002	0.3051	0.285
0.2999	0.334	0.3142	0.2989	0.3222	0.3117	0.3091	0.2962	0.3273	0.2961	0.2995	0.2873
0.2998	0.3312	0.3339	0.3536	0.3444	0.356	0.3329	0.3359	0.3373	0.3269	0.3066	0.3029

Old_13	Old_13	FluoOptima	10/10/2013 14:13:58
0.2879	0.3185	0.3026	0.2856	0.2906	0.3051	0.2957	0.2968	0.2984	0.3111	0.2958	0.2969
0.2966	1.1471	0.8338	0.3314	0.7106	0.334	0.4824	0.6813	0.9297	1.0292	0.327	0.2912
0.2849	0.9294	0.8576	0.6333	0.3152	0.3875	0.3023	0.6257	0.679	0.4968	0.2953	0.2793
0.2861	0.6657	0.7643	0.3973	0.4825	0.4571	0.3042	0.2985	0.3116	0.3344	0.3002	0.2793
0.28	0.4806	0.5054	0.506	0.3641	0.3137	0.3459	0.4141	0.4065	0.3932	0.2734	0.276
0.2903	0.3997	0.4158	0.5051	0.3269	0.4042	0.3712	0.387	0.3561	0.2732	0.2855	0.2753
0.2957	0.3129	0.3326	0.3934	0.3154	0.3012	0.3118	0.2825	0.2926	0.2774	0.2798	0.2775
0.2932	0.3144	0.3012	0.3124	0.3156	0.3181	0.3251	0.3197	0.3195	0.3093	0.2926	0.2951

Old_14	Old_14	FluoOptima	10/10/2013 14:23:30
0.296	0.3136	0.302	0.3076	0.2991	0.3096	0.3004	0.3027	0.2728	0.3005	0.2905	0.3029
0.3048	1.2103	0.7833	0.4203	0.3909	0.6961	0.3336	0.3301	0.3437	0.3363	0.3349	0.3003
0.2917	0.8972	0.7406	0.3022	0.6405	0.7445	0.302	0.3016	0.3188	0.3046	0.3054	0.2894
0.2903	0.7761	0.7889	0.657	0.4434	0.3487	0.3722	0.3081	0.3205	0.3071	0.3104	0.2894
0.284	0.5779	0.5204	0.5319	0.4128	0.5742	0.3674	0.284	0.3168	0.3012	0.2939	0.2851
0.2953	0.4149	0.3918	0.3846	0.496	0.4414	0.3442	0.3126	0.3131	0.2952	0.298	0.2848
0.3017	0.3198	0.3164	0.3081	0.328	0.3078	0.3123	0.2941	0.3142	0.2966	0.2987	0.2869
0.2968	0.3198	0.3143	0.331	0.3388	0.3295	0.3198	0.3298	0.3267	0.3131	0.3024	0.3057

Old_15	Old_15	FluoOptima	10/10/2013 14:33:02
0.2912	0.3094	0.2947	0.2821	0.2775	0.2992	0.2763	0.264	0.2727	0.2886	0.2789	0.2977
0.3026	1.2777	0.3378	0.33	0.3858	0.3304	0.3353	0.3275	0.3484	0.3322	0.3242	0.2912
0.2869	1.0583	0.8201	0.8814	0.3595	0.3021	0.306	0.2936	0.3228	0.3031	0.2987	0.2796
0.2843	0.7995	0.8687	0.7129	0.6516	0.2997	0.3113	0.3069	0.3266	0.3028	0.3083	0.2817
0.2844	0.6102	0.601	0.5841	0.5116	0.2965	0.3058	0.2879	0.3162	0.2926	0.2906	0.2793
0.2901	0.4635	0.4488	0.4418	0.4147	0.3783	0.3079	0.2967	0.3178	0.2999	0.2958	0.2786
0.2959	0.3348	0.3215	0.3036	0.3317	0.3079	0.3176	0.2968	0.3137	0.2935	0.2889	0.2785
0.2969	0.3212	0.3064	0.32	0.3177	0.3222	0.3134	0.3289	0.3265	0.315	0.296	0.2968

Old_16	Old_16	FluoOptima	10/10/2013 14:42:34
0.295	0.3079	0.3039	0.2843	0.2768	0.3002	0.2856	0.2553	0.2576	0.2787	0.2758	0.3028
0.3044	1.1425	1.0205	0.3309	0.3433	0.3252	0.3346	0.3322	0.3474	0.3379	0.3401	0.3041
0.292	1.1293	0.8784	0.297	0.3138	0.3014	0.3039	0.2995	0.3235	0.2985	0.3076	0.2877
0.2846	0.9229	0.8022	0.7421	0.3105	0.2947	0.3113	0.3066	0.3293	0.3162	0.3133	0.2882
0.2839	0.4958	0.5225	0.7311	0.5129	0.2914	0.3065	0.2944	0.3193	0.2996	0.2913	0.2835
0.2914	0.4087	0.4081	0.3946	0.4149	0.3023	0.3105	0.2986	0.319	0.3033	0.3059	0.2846
0.3012	0.3214	0.3157	0.3042	0.3228	0.3105	0.3215	0.3057	0.3255	0.3127	0.301	0.2883
0.2936	0.3186	0.3084	0.3226	0.3278	0.3237	0.3197	0.332	0.3371	0.3247	0.3134	0.3052

Old_17	Old_17	FluoOptima	10/10/2013 14:52:06
0.2888	0.3119	0.2978	0.2973	0.2926	0.2968	0.2936	0.272	0.2616	0.2865	0.2813	0.3
0.299	0.4837	0.3307	0.3237	0.3364	0.3239	0.3328	0.3183	0.3375	0.331	0.3254	0.2923
0.2847	1.0523	0.3045	0.6855	0.3122	0.2953	0.2986	0.2958	0.3079	0.2949	0.2923	0.2798
0.2841	0.844	0.8581	0.6034	0.3045	0.2897	0.3062	0.2983	0.3193	0.3003	0.3041	0.2804
0.2798	0.7648	0.4554	0.4478	0.4387	0.2858	0.2997	0.2861	0.3054	0.2874	0.2742	0.2795
0.2892	0.5138	0.335	0.5931	0.6307	0.2944	0.3067	0.334	0.313	0.2928	0.2864	0.2815
0.2948	0.3103	0.3068	0.2979	0.3218	0.3009	0.315	0.2833	0.3118	0.29	0.3198	0.2807
0.2943	0.3164	0.3007	0.3155	0.3175	0.319	0.3158	0.3268	0.3315	0.3101	0.2989	0.2958

Old_18	Old_18	FluoOptima	10/10/2013 15:01:40
0.298	0.3256	0.3074	0.3059	0.2993	0.3025	0.2931	0.2796	0.2803	0.2914	0.285	0.3071
0.3042	0.7224	0.533	0.4054	0.3434	0.3289	0.3377	0.3286	0.3485	0.3414	0.3435	0.3044
0.2916	0.6157	0.5343	0.5355	0.353	0.3029	0.3063	0.3016	0.3111	0.2976	0.3065	0.2869
0.2909	0.702	0.7674	0.9489	0.3499	0.2959	0.3075	0.306	0.321	0.3047	0.316	0.2876
0.2862	0.5054	0.4871	0.447	0.3306	0.2914	0.3076	0.2887	0.3104	0.295	0.2916	0.2851
0.2934	0.4044	0.415	0.5826	0.4203	0.3002	0.3094	0.2979	0.3188	0.2972	0.3009	0.2839
0.3008	0.3165	0.2259	0.3091	0.33	0.3084	0.3196	0.2983	0.3202	0.3054	0.2958	0.2879
0.2937	0.3165	0.3062	0.312	0.3243	0.3199	0.3176	0.33	0.332	0.3195	0.3083	0.3063

Old_19	Old_19	FluoOptima	10/10/2013 15:11:16
0.2952	0.3139	0.2993	0.2897	0.2804	0.2996	0.2958	0.2741	0.2741	0.3037	0.2841	0.3071
0.3025	1.366	0.7367	1.1093	1.4434	0.3327	0.3363	0.334	0.3609	0.3445	0.3375	0.3027
0.2906	0.8629	1.192	1.1442	0.3554	0.3067	0.3117	0.3049	0.3241	0.3088	0.3069	0.2884
0.2901	0.6397	0.6716	0.8054	0.8271	0.5319	0.335	0.3106	0.3216	0.306	0.3161	0.2874
0.2848	0.4961	0.5213	0.6681	0.6605	0.461	0.3107	0.2934	0.3205	0.2992	0.2921	0.286
0.293	0.3894	0.3783	0.6203	0.7995	0.4363	0.3157	0.3379	0.3167	0.3048	0.3004	0.2856
0.2987	0.3112	0.3093	0.3166	0.3397	0.352	0.3149	0.3049	0.3202	0.307	0.3001	0.2866
0.2961	0.3222	0.3144	0.3264	0.3362	0.3279	0.3212	0.3328	0.3376	0.3245	0.314	0.3076

Old_20	Old_20	FluoOptima	10/10/2013 15:20:44
0.289	0.3172	0.2956	0.2748	0.2729	0.2844	0.2863	0.2629	0.2624	0.2898	0.2785	0.2937
0.3009	1.412	0.3432	1.3561	0.3821	0.332	0.3337	0.3316	0.3469	0.3362	0.3351	0.2924
0.2871	1.0082	1.1086	1.1621	0.3252	0.3021	0.3103	0.2995	0.3178	0.2984	0.3053	0.2799
0.2835	0.7065	0.8904	0.6297	0.8863	0.2935	0.3105	0.3031	0.3218	0.3023	0.3092	0.2821
0.2829	0.5032	0.4914	0.4905	0.473	0.2912	0.3029	0.2905	0.3148	0.2957	0.2933	0.2779
0.2922	0.4035	0.4051	0.6075	0.411	0.4095	0.3036	0.2928	0.3045	0.2998	0.2944	0.2775
0.2959	0.3075	0.3041	0.3057	0.3384	0.3164	0.312	0.2977	0.3104	0.2908	0.2897	0.28
0.2988	0.3215	0.3047	0.319	0.3232	0.3231	0.3123	0.3226	0.3296	0.3209	0.3104	0.2985

Old_21	Old_21	FluoOptima	10/10/2013 15:30:31
0.2953	0.3287	0.3148	0.3146	0.31	0.3164	0.3054	0.3084	0.3284	0.3124	0.3027	0.3056
0.3053	0.9601	0.3421	0.3338	0.3536	0.3364	0.3363	0.3302	0.3462	0.3347	0.3329	0.2994
0.2843	0.8016	0.9054	0.9919	0.6769	0.3861	0.3156	0.3054	0.3243	0.2996	0.3035	0.285
0.2912	0.7448	0.7275	0.4697	0.5717	0.4673	0.31	0.3069	0.3167	0.3048	0.3052	0.2865
0.2785	0.5345	0.5122	0.4773	0.6904	0.3998	0.3064	0.2963	0.3199	0.2875	0.2902	0.2819
0.2928	0.4236	0.4095	0.3893	0.4177	0.3304	0.3108	0.3007	0.3014	0.2942	0.3274	0.281
0.2977	0.3268	0.3199	0.3118	0.3445	0.3193	0.3072	0.2949	0.3188	0.3289	0.2875	0.2858
0.3037	0.3358	0.3264	0.3375	0.341	0.3382	0.3331	0.3411	0.3399	0.33	0.3104	0.3027

Old_22	Old_22	FluoOptima	10/10/2013 15:39:59
0.297	0.274	0.2556	0.257	0.2564	0.2657	0.2755	0.2763	0.2793	0.2872	0.3047	0.3046
0.2671	1.2304	1.546	1.2788	1.2109	1.173	1.1872	0.9982	0.7802	0.6733	0.3289	0.2939
0.2891	0.9985	0.9503	0.8401	0.7435	0.6531	0.6774	0.7337	0.9125	0.6448	0.3029	0.2834
0.2907	0.6608	0.6666	0.3733	0.5963	0.7793	0.7135	0.7727	0.785	0.4737	0.3012	0.2843
0.2868	0.3459	0.4471	0.3734	0.566	0.6152	0.378	0.4186	0.4148	0.3945	0.2886	0.2827
0.291	0.3435	0.3637	0.3413	0.3626	0.355	0.4106	0.3593	0.3606	0.3479	0.2946	0.2802
0.3016	0.3229	0.3126	0.3041	0.3243	0.3139	0.3097	0.2776	0.3225	0.2944	0.2902	0.2839
0.2946	0.3234	0.318	0.3187	0.3325	0.3305	0.3247	0.3372	0.3366	0.3206	0.3113	0.3011

Old_23	Old_23	FluoOptima	10/10/2013 15:49:25
0.2936	0.3204	0.3069	0.3004	0.2951	0.3134	0.3059	0.293	0.2964	0.3119	0.2961	0.3052
0.3023	1.1316	1.4471	1.303	1.2742	1.0949	1.0959	0.9828	0.8881	0.5474	0.3406	0.2984
0.2899	1.1228	0.7343	0.819	0.7077	0.6565	0.6216	0.6799	0.9539	0.3051	0.3064	0.2861
0.2877	0.8624	0.7585	0.5924	0.552	0.4942	0.7014	0.7776	0.5396	0.3109	0.3134	0.2868
0.2831	0.4811	0.6474	0.5369	0.7093	0.5907	0.3209	0.39	0.3925	0.3043	0.2935	0.2837
0.2909	0.4099	0.4171	0.398	0.6397	0.3396	0.3488	0.3403	0.3587	0.3165	0.2986	0.2836
0.2985	0.3192	0.3149	0.2978	0.3216	0.3131	0.3179	0.2978	0.3176	0.302	0.294	0.2853
0.2935	0.3173	0.3092	0.3189	0.3279	0.3252	0.3227	0.3334	0.3352	0.3185	0.3076	0.3034

Old_24	Old_24	FluoOptima	10/10/2013 15:58:52
0.2837	0.317	0.3049	0.2992	0.2956	0.3045	0.2998	0.2908	0.2906	0.2942	0.2908	0.299
0.2972	0.8995	0.7101	0.5452	0.7752	0.3595	0.346	0.3194	0.3418	0.3351	0.332	0.2888
0.2814	1.1373	0.6626	0.4665	0.515	1.4315	0.5042	0.2991	0.3107	0.2965	0.2954	0.2767
0.2833	0.9502	0.8584	0.921	0.4382	0.3291	0.4687	0.3707	0.3125	0.2958	0.3027	0.2774
0.2791	0.6657	0.5738	0.4984	0.6421	0.4856	0.4984	0.3586	0.3071	0.2917	0.2867	0.2765
0.2885	0.6395	0.6051	0.6002	0.4079	0.3867	0.4106	0.2946	0.3139	0.296	0.2945	0.2767
0.2897	0.3183	0.2992	0.3014	0.3219	0.3419	0.3263	0.2916	0.3127	0.3282	0.2921	0.2751
0.2887	0.3128	0.3008	0.3186	0.3192	0.315	0.3078	0.3172	0.3173	0.3058	0.3021	0.2907

Old_25	Old_25	FluoOptima	10/10/2013 16:08:20
0.294	0.3134	0.3143	0.2958	0.3134	0.3219	0.3146	0.3041	0.3056	0.3235	0.2998	0.3077
0.2932	0.3449	0.3405	0.3363	0.3519	0.3326	0.3403	0.3207	0.3465	0.3311	0.334	0.2998
0.2785	0.3136	0.317	0.305	0.3216	0.3057	0.3083	0.2959	0.315	0.2978	0.294	0.2902
0.2804	0.3088	0.3085	0.2927	0.3181	0.2988	0.3069	0.3013	0.3157	0.3033	0.3057	0.2859
0.2764	0.2976	0.3017	0.2889	0.2976	0.2949	0.3026	0.2903	0.3136	0.2947	0.2855	0.2831
0.2893	0.3079	0.3086	0.2979	0.315	0.3054	0.3073	0.294	0.3095	0.2994	0.2891	0.2851
0.2854	0.3091	0.3089	0.3001	0.3207	0.31	0.3147	0.2971	0.3054	0.2951	0.2885	0.2879
0.2985	0.3281	0.3238	0.3366	0.3387	0.3326	0.3329	0.3441	0.3432	0.3317	0.3087	0.3031

Old_26	Old_26	FluoOptima	10/10/2013 16:17:50
0.2947	0.3017	0.3087	0.2846	0.2945	0.318	0.2819	0.2948	0.2735	0.2766	0.2893	0.3072
0.2892	0.3425	0.3305	0.3154	0.3528	0.3302	0.3299	0.3139	0.3432	0.3314	0.3283	0.3032
0.2733	0.3139	0.3019	0.3022	0.3182	0.3113	0.3031	0.3053	0.3266	0.2884	0.2984	0.291
0.2831	0.3106	0.3066	0.2925	0.3137	0.3041	0.3047	0.296	0.3142	0.3032	0.2972	0.2872
0.2613	0.2997	0.2952	0.29	0.2959	0.2987	0.2956	0.2807	0.3109	0.286	0.2855	0.2848
0.2931	0.3067	0.3063	0.2977	0.3106	0.305	0.3016	0.2925	0.2942	0.303	0.2858	0.2888
0.284	0.3101	0.3084	0.302	0.3118	0.3066	0.3082	0.2912	0.3011	0.2934	0.284	0.2847
0.2996	0.3277	0.326	0.3316	0.3388	0.3369	0.3443	0.3578	0.363	0.3412	0.3193	0.3054

Old_27	Old_27	FluoOptima	10/10/2013 16:27:19
0.2882	0.2994	0.2964	0.2794	0.2969	0.3002	0.2969	0.2919	0.2685	0.2886	0.2693	0.3071
0.2903	0.3408	0.3293	0.3314	0.3439	0.3183	0.3282	0.3281	0.3515	0.3222	0.3257	0.297
0.2633	0.3106	0.3148	0.301	0.3234	0.3052	0.2988	0.2953	0.3038	0.2914	0.2951	0.2853
0.264	0.3073	0.3095	0.2932	0.3159	0.2969	0.3092	0.2969	0.311	0.2942	0.294	0.2908
0.2575	0.2928	0.2842	0.2856	0.2845	0.2876	0.2922	0.2795	0.2858	0.274	0.2705	0.2879
0.2808	0.3079	0.3024	0.2895	0.2971	0.2969	0.298	0.2799	0.28	0.2772	0.278	0.2831
0.2925	0.3062	0.3145	0.2936	0.3123	0.313	0.2958	0.28	0.3218	0.2875	0.2728	0.288
0.2949	0.3254	0.3213	0.3211	0.3384	0.3351	0.3351	0.3491	0.3621	0.338	0.3238	0.3077

Old_28	Old_28	FluoOptima	10/10/2013 16:36:50
0.2713	0.296	0.2907	0.2507	0.2603	0.2717	0.2705	0.2559	0.2478	0.2719	0.2412	0.2914
0.2863	0.3408	0.3363	0.3333	0.3332	0.3181	0.3275	0.3169	0.3489	0.3132	0.3284	0.3047
0.2592	0.3059	0.3113	0.2994	0.3257	0.3004	0.3025	0.2981	0.3159	0.2954	0.3071	0.2884
0.258	0.306	0.3025	0.2939	0.3079	0.2881	0.3077	0.2904	0.3071	0.2991	0.3062	0.2826
0.2609	0.2988	0.2838	0.2838	0.274	0.2954	0.3011	0.2775	0.2964	0.279	0.2823	0.2945
0.2781	0.2992	0.2947	0.2913	0.3071	0.2961	0.3102	0.2865	0.2866	0.2834	0.2874	0.2907
0.2891	0.3043	0.2887	0.3001	0.3033	0.3063	0.283	0.277	0.3142	0.2946	0.2887	0.2903
0.2923	0.3184	0.3247	0.3098	0.34	0.3296	0.3361	0.3426	0.3041	0.323	0.3045	0.3027

