Old_D_1	Old_D_1	FluoOptima	08/27/2013 14:44:14
0.3042	0.3295	0.3154	0.3163	0.3149	0.3209	0.3134	0.312	0.3182	0.309	0.3068	0.3024
0.314	1.1188	1.7422	0.8259	0.5095	1.3071	0.3619	0.3411	0.3571	0.3399	0.3406	0.296
0.3033	0.9448	0.8087	0.6873	0.5591	0.3554	0.738	0.3067	0.3224	0.3049	0.3026	0.2803
0.3001	0.7582	0.8988	0.5627	0.7508	0.4807	0.4192	0.3091	0.3191	0.3045	0.3028	0.2787
0.296	0.4758	0.6393	0.7053	0.6419	0.4958	0.32	0.2968	0.3139	0.2895	0.2893	0.2778
0.3017	0.4837	0.494	0.5091	0.5565	0.3439	0.3113	0.2944	0.3102	0.2914	0.289	0.2768
0.3062	0.3266	0.326	0.3166	0.3336	0.3157	0.3096	0.2938	0.3075	0.3007	0.2856	0.2751
0.2994	0.3207	0.309	0.3119	0.3166	0.315	0.309	0.312	0.3125	0.3095	0.2924	0.2957

Old_D_2	Old_D_2	FluoOptima	08/27/2013 14:56:29
0.3011	0.3158	0.3186	0.315	0.3168	0.3238	0.315	0.3166	0.3178	0.3126	0.3026	0.2999
0.3163	1.0473	0.9627	0.6605	0.6004	0.4876	1.5759	0.3374	0.3533	0.34	0.3368	0.2911
0.3034	0.7908	0.6861	0.5383	0.4073	0.8653	0.3207	0.3016	0.3213	0.302	0.3013	0.2793
0.2978	0.8298	0.7865	0.5843	0.4993	0.3552	0.3176	0.3041	0.3168	0.2977	0.2989	0.2801
0.2933	0.5483	0.5921	0.5805	0.5209	0.3906	0.3109	0.2896	0.3098	0.2883	0.2837	0.2766
0.3001	0.54	0.4827	0.4651	0.48	0.3381	0.3052	0.2889	0.3095	0.2884	0.2904	0.2748
0.3049	0.3487	0.3271	0.3209	0.3479	0.3008	0.3112	0.2908	0.3068	0.2942	0.2905	0.278
0.301	0.3198	0.3107	0.3103	0.3153	0.3146	0.3078	0.3098	0.3084	0.3039	0.2919	0.2963

Old_D_3	Old_D_3	FluoOptima	08/27/2013 15:08:46
0.3024	0.3242	0.3136	0.3152	0.3115	0.3226	0.3148	0.3117	0.3193	0.3158	0.3078	0.2989
0.3146	1.1357	0.8322	0.9485	0.4151	0.4344	0.3541	0.3374	0.3514	0.3366	0.3387	0.2912
0.301	0.7464	0.7048	0.5017	0.3835	0.3991	0.3175	0.3034	0.3197	0.3019	0.3014	0.279
0.2985	0.7892	0.7234	0.6289	0.4554	0.3544	0.3178	0.3052	0.3169	0.2987	0.3059	0.2808
0.2949	0.6125	0.5731	0.4694	0.4809	0.347	0.312	0.2913	0.3094	0.2898	0.2865	0.2767
0.3011	0.4719	0.4508	0.4089	0.3582	0.3176	0.3068	0.2896	0.3093	0.2894	0.2886	0.2768
0.3051	0.3092	0.308	0.2994	0.3159	0.3032	0.3096	0.2938	0.3122	0.298	0.288	0.2801
0.3001	0.3232	0.3115	0.3111	0.3161	0.317	0.3103	0.3125	0.316	0.3068	0.2946	0.2966

Old_D_4	Old_D_4	FluoOptima	08/27/2013 15:21:05
0.2995	0.3253	0.3187	0.3149	0.317	0.3202	0.31	0.3125	0.3191	0.3148	0.3041	0.2944
0.3125	1.217	0.7245	0.7148	0.3987	0.3569	0.3469	0.3338	0.3521	0.339	0.3332	0.2891
0.3013	0.9522	0.5964	0.5844	0.4303	0.3268	0.3176	0.3013	0.3195	0.3022	0.301	0.2772
0.2944	0.7791	0.6498	0.6725	0.3801	0.3209	0.3176	0.3057	0.3177	0.2981	0.3	0.2778
0.2905	0.5163	0.5099	0.5181	0.613	0.3226	0.3109	0.2918	0.3083	0.2883	0.2848	0.2732
0.2981	0.4001	0.4099	0.541	0.5087	0.3163	0.3041	0.2867	0.3089	0.2862	0.2896	0.2774
0.3022	0.3906	0.3101	0.3112	0.341	0.3098	0.3079	0.2901	0.3053	0.2935	0.2878	0.2809
0.2973	0.3189	0.3089	0.3093	0.3179	0.3121	0.3039	0.3114	0.3075	0.3037	0.2888	0.2904

Old_D_5	Old_D_5	FluoOptima	08/27/2013 15:33:26
0.3091	0.3371	0.3219	0.3256	0.3201	0.3259	0.3173	0.3166	0.3196	0.3182	0.3062	0.3046
0.3197	1.1312	0.7425	0.5509	0.39	0.3463	0.3531	0.3409	0.3547	0.3403	0.3366	0.293
0.3068	1.0833	0.8515	0.5546	0.3755	0.3192	0.3216	0.3058	0.3232	0.3047	0.3042	0.2825
0.3023	0.715	0.6737	0.6705	0.381	0.315	0.3198	0.3071	0.3199	0.2999	0.3002	0.2818
0.297	0.5136	0.536	0.517	0.4998	0.3177	0.3127	0.2932	0.3108	0.2928	0.2852	0.2779
0.3038	0.4035	0.4067	0.3918	0.6401	0.3136	0.3054	0.2926	0.3084	0.2905	0.2878	0.2787
0.3103	0.333	0.3346	0.3231	0.3315	0.3042	0.3136	0.2944	0.3104	0.2963	0.2894	0.2791
0.3011	0.3301	0.3121	0.3142	0.3166	0.3148	0.3137	0.3145	0.3083	0.3043	0.2867	0.291

Old_D_6	Old_D_6	FluoOptima	08/27/2013 15:45:49
0.306	0.3363	0.3213	0.3242	0.3183	0.3245	0.3173	0.3173	0.3196	0.3153	0.303	0.3002
0.3162	1.1684	1.0569	0.9689	0.4874	0.3446	0.3538	0.3397	0.3542	0.3416	0.3371	0.2918
0.3047	0.8473	0.7839	0.4919	0.4611	0.3112	0.3187	0.3007	0.3196	0.3023	0.3029	0.2799
0.2971	0.6469	0.6549	0.4772	0.5127	0.3012	0.3164	0.3027	0.3159	0.2962	0.2996	0.28
0.2949	0.4188	0.457	0.4569	0.3989	0.3762	0.3139	0.2892	0.3077	0.2884	0.2863	0.2811
0.3011	0.3555	0.3691	0.4172	0.3794	0.3533	0.3041	0.2893	0.3065	0.2881	0.2882	0.2738
0.3059	0.3107	0.3059	0.3003	0.3144	0.3027	0.3101	0.2945	0.3079	0.296	0.2864	0.2779
0.2997	0.3226	0.3105	0.3134	0.3173	0.3126	0.3087	0.3134	0.3126	0.303	0.2913	0.2949

Old_D_7	Old_D_7	FluoOptima	08/27/2013 15:58:14
0.3064	0.339	0.3233	0.3242	0.3199	0.3267	0.3149	0.3153	0.3196	0.319	0.308	0.2991
0.3156	1.3802	1.0258	1.3422	1.2525	2.2465	1.1474	0.4177	0.3562	0.3406	0.3409	0.2932
0.3055	0.8213	0.7511	0.9919	0.506	0.3987	0.9102	0.3251	0.3241	0.3047	0.3054	0.2825
0.3009	0.7324	0.7708	0.705	0.8321	0.4699	0.4136	0.3118	0.3771	0.3031	0.3036	0.2818
0.2944	0.4902	0.5048	0.4998	0.5155	0.7444	0.3213	0.2955	0.3116	0.2914	0.2879	0.2778
0.3028	0.4585	0.3962	0.5928	0.4609	0.3934	0.3217	0.2948	0.3121	0.291	0.2902	0.2814
0.3071	0.3659	0.3263	0.3226	0.3439	0.3124	0.3108	0.2965	0.3109	0.3014	0.2893	0.2788
0.301	0.3265	0.3125	0.3129	0.317	0.3153	0.3062	0.3126	0.3108	0.3084	0.2921	0.2936

Old_D_8	Old_D_8	FluoOptima	08/27/2013 16:10:36
0.3071	0.3332	0.3245	0.3207	0.3208	0.3258	0.316	0.3193	0.3223	0.3173	0.3062	0.3019
0.3212	1.2234	1.1104	1.0066	0.6395	0.4241	0.417	0.3429	0.3562	0.3474	0.3404	0.2951
0.3101	0.9841	0.8225	0.6991	0.4322	0.402	0.3271	0.3092	0.3291	0.3109	0.3108	0.2843
0.3043	0.6184	0.6309	0.679	0.4438	0.4124	0.3298	0.3153	0.325	0.3069	0.3104	0.2853
0.3017	0.471	0.507	0.5002	0.4798	0.384	0.318	0.2973	0.3176	0.2977	0.291	0.2811
0.3088	0.4397	0.4248	0.4094	0.4555	0.3359	0.3131	0.2971	0.3226	0.3091	0.2993	0.2826
0.3137	0.3915	0.3297	0.3232	0.3512	0.3105	0.3209	0.3027	0.314	0.3026	0.2951	0.2816
0.3092	0.3289	0.3194	0.3184	0.3232	0.3196	0.3136	0.3193	0.3162	0.3124	0.2943	0.3179

Old_D_9	Old_D_9	FluoOptima	08/27/2013 16:22:59
0.3055	0.335	0.3218	0.3246	0.3182	0.3235	0.3149	0.3155	0.3185	0.316	0.3047	0.3008
0.319	1.1482	0.9288	0.6137	0.4	0.3518	0.3539	0.3397	0.3555	0.3397	0.3387	0.2927
0.3055	0.7433	0.7745	0.5314	0.4548	0.3316	0.3203	0.3044	0.3224	0.3037	0.3023	0.2812
0.3019	0.5952	0.6041	0.6797	0.4151	0.3119	0.3186	0.3064	0.3191	0.2977	0.3032	0.2818
0.2966	0.4458	0.4569	0.4051	0.4546	0.3304	0.3118	0.2898	0.3091	0.2894	0.2857	0.2765
0.303	0.4001	0.3801	0.332	0.3609	0.3236	0.3058	0.2898	0.31	0.2882	0.2872	0.2794
0.3098	0.3134	0.3111	0.3023	0.3179	0.304	0.3124	0.2936	0.3098	0.297	0.289	0.2786
0.3016	0.3245	0.3138	0.3128	0.3175	0.3147	0.3085	0.3113	0.3099	0.3068	0.2913	0.2927

Old_D_10	Old_D_10	FluoOptima	08/27/2013 16:35:21
0.3059	0.3333	0.319	0.3219	0.3154	0.3212	0.2894	0.3082	0.3183	0.313	0.3008	0.2982
0.3164	1.1754	0.9203	1.4052	0.8541	0.8684	1.2202	1.1933	1.1048	0.4509	0.3343	0.2913
0.3058	0.9274	0.9069	0.8848	0.5991	0.7084	0.8868	0.6577	0.9012	0.4222	0.3012	0.2788
0.298	0.6603	0.6261	0.5748	0.6735	0.4794	0.5349	0.789	0.5426	0.4561	0.2997	0.2798
0.2946	0.5047	0.4422	0.4607	0.4376	0.4129	0.5779	0.6486	0.4183	0.4229	0.2781	0.2759
0.3003	0.4911	0.4199	0.4172	0.4022	0.3534	0.6222	0.358	0.3541	0.3354	0.2859	0.2731
0.3047	0.4432	0.3168	0.3085	0.3272	0.3085	0.3092	0.293	0.3064	0.2887	0.2814	0.2761
0.3006	0.3229	0.3133	0.3128	0.3188	0.3151	0.3095	0.3119	0.3127	0.3027	0.2908	0.2968

Old_D_11	Old_D_11	FluoOptima	08/27/2013 16:47:45
0.298	0.3211	0.3095	0.311	0.3098	0.3157	0.3059	0.3107	0.3101	0.3114	0.3019	0.2932
0.3121	1.3222	1.2358	1.4358	1.3448	1.3094	0.5543	0.3383	0.35	0.3353	0.3336	0.2896
0.3009	1.022	0.8877	1.0688	1.0729	0.8512	0.5384	0.3027	0.3198	0.3032	0.3002	0.2775
0.2967	0.6229	0.6631	0.6371	0.6592	0.6694	0.5296	0.3071	0.3165	0.2997	0.2994	0.2782
0.2921	0.6054	0.4649	0.5106	0.6444	0.5866	0.4356	0.2909	0.3098	0.2895	0.2846	0.2742
0.299	0.4268	0.3892	0.3738	0.4203	0.3846	0.3911	0.2908	0.3105	0.2906	0.2862	0.2743
0.3044	0.3289	0.3208	0.3155	0.3252	0.3092	0.3117	0.2927	0.3074	0.2951	0.2838	0.2755
0.3048	0.3205	0.3087	0.3111	0.3162	0.2926	0.3067	0.3116	0.3082	0.3052	0.2926	0.2924

Old_D_12	Old_D_12	FluoOptima	08/27/2013 17:00:11
0.3073	0.3339	0.3186	0.3174	0.3211	0.324	0.3193	0.3123	0.3264	0.3178	0.3129	0.309
0.3223	1.0102	1.4183	1.3314	1.3588	1.4969	1.4438	1.2644	0.8806	0.457	0.3512	0.2977
0.3121	1.1883	0.7599	1.2064	1.1326	1.0675	0.9807	0.9577	0.8385	0.4192	0.3093	0.2881
0.3062	0.6453	0.7856	0.6995	0.8717	0.7751	0.7676	0.7666	0.5413	0.4228	0.3123	0.2892
0.3035	0.4778	0.4648	0.4938	0.6646	0.4416	0.6309	0.3879	0.3976	0.3615	0.2948	0.2872
0.3105	0.4092	0.4014	0.3907	0.6172	0.4136	0.3829	0.3515	0.3579	0.3224	0.3098	0.2842
0.3161	0.337	0.3337	0.3285	0.3516	0.3273	0.3199	0.3025	0.3205	0.309	0.3005	0.2866
0.3107	0.329	0.3214	0.3201	0.3249	0.3236	0.3192	0.3207	0.3228	0.3135	0.3011	0.3018

