id_study,system,y0.n0p0,y0.n1p0,y0.n0p1,y0.n1p1,cat,rn,rp,rnp,rint
EEC002,FRESHWATER,670.708230000002,519.485069999998,670.83659,2109.34980000001,c,-0.25549614283828,0.000191361478909974,1.14580081353057,237.023537045312
EEC004,FRESHWATER,4.25283,4.88067000000002,24.8774,26.8764999999999,a,0.13769786183494,1.76637511711461,1.84366765515579,32.2434708182506
EEC005,FRESHWATER,26.1745,18.1208,33.0200999999999,27.9866000000001,h,-0.36772520462678,0.23233081257759,0.06694016981738,11.5387113411916
EEC007,FRESHWATER,2.92416666700001,3.11666666700001,3.27666666700002,3.78999999999998,g,0.0637545148183201,0.11381710567158,0.25935647917321,10.9717868212047
EEC008,FRESHWATER,2.82166666699999,2.890833333,2.83833333299999,3.82083333299999,g,0.0242170840432302,0.00588929829397995,0.30314082179211,32.3685765112381
EEC009,FRESHWATER,2.98916666699999,3.09583333300001,3.17666666699999,3.87999999999999,g,0.0350624794004003,0.0608377872352302,0.26084051176748,19.9609701789832
EEC010,FRESHWATER,2.9025,3.07583333300001,3.1575,3.70999999999999,g,0.05800343255563,0.0842081406526,0.24545944202943,13.0634510594305
EEC011,FRESHWATER,2.74499999999999,2.96083333299999,3.19250000000001,3.68750000000001,g,0.0756896851708603,0.15102323396307,0.29516764670445,10.1700060837888
EEC012,FRESHWATER,3.14333333299999,3.24916666700001,3.319166667,3.88833333300001,g,0.0331147454378899,0.0544299396347702,0.21269680884835,14.7401908393147
EEC014,TERRESTRIAL,61.4999999999999,103.8,67.1999999999997,106.7,a,0.52342879591932,0.0886360727166301,0.55098398349524,-4.5528455284549
EEC015,TERRESTRIAL,72.5,118.000000000001,53.9999999999998,138.6,b,0.487098062605041,-0.29460251529636,0.64800552489517,53.9310344827576
EEC018,TERRESTRIAL,2395.93999999999,2710.66000000001,2923.86,3644.67000000002,g,0.12341650947197,0.19912902292088,0.419490188179241,16.9490888753475
EEC023,TERRESTRIAL,4.30000000000001,5.59999999999998,4.69999999999999,8.49999999999999,c,0.26415157504158,0.08894748601649,0.68145114079675,58.1395348837217
EEC025,FRESHWATER,80.0999999999997,98.8500000000004,104.72,155.2,c,0.21032769554232,0.26801426752733,0.66143875367481,39.6129837702873
EEC026,FRESHWATER,1.05,1.41,1.92,0.76,h,0.294799540220645,0.603535021870258,-0.323227009871192,-144.761904761905
EEC027,TERRESTRIAL,405.584999999999,357.440000000001,384.120999999999,428.274999999999,g,-0.12636295346375,-0.0543728622250894,0.0544350432719307,22.7570053133123
EEC028,TERRESTRIAL,299.946000000001,410.839999999998,387.953000000001,634.038000000001,c,0.314601385843339,0.25728173981108,0.74850643109534,45.071779586993
EEC029,TERRESTRIAL,263.230999999999,417.015999999998,323.332999999999,743.286000000003,b,0.46009261669675,0.205650778230431,1.03804892295802,101.11575004464
EEC030,TERRESTRIAL,405,720,495,952.500000000004,a,0.575364144903561,0.200670695462151,0.85520303989432,35.1851851851862
EEC031,TERRESTRIAL,4.78251999999999,8.49029000000004,10.3906,9.89429000000003,f,0.57395555333589,0.7759339470415,0.72699021883257,-87.9051211495199
EEC032,TERRESTRIAL,2.4987,3.93628000000001,6.38309000000002,5.42436000000001,f,0.454465518243923,0.937881709500253,0.775129323489743,-95.9022691799745
EEC035,TERRESTRIAL,1759,1966,2243,2701.00000000001,g,0.11125555596955,0.24306878978265,0.42887660905506,14.2694712905068
EEC036,TERRESTRIAL,709.999999999999,910.000000000004,890.000000000004,950.000000000004,g,0.248179629475541,0.225956492690831,0.291197014559231,-19.7183098591558
EEC044,TERRESTRIAL,1,1.25,1.3,1.5,g,0.22314355131421,0.262364264467491,0.405465108108164,-5.00000000000012
EEC048,TERRESTRIAL,360.000000000002,379.000000000001,180,245.000000000001,h,0.0514321736322694,-0.69314718055995,-0.38484582090543,12.777777777778
EEC050,TERRESTRIAL,387.999999999999,370.999999999998,412.000000000002,445,g,-0.0448032770158405,0.0600180097262603,0.13706894254297,12.8865979381441
EEC051,TERRESTRIAL,2.36,1.41,1.22,1.6,h,-0.515071914647442,-0.659810760292354,-0.388657989791783,56.3559322033899
EEC055,TERRESTRIAL,675,1759,701,1469,h,0.95778805386503,0.0377951961620599,0.77762448530135,-46.8148148148147
EEC057,TERRESTRIAL,21.44,20.0700000000001,28.4999999999999,39.0199999999998,c,-0.0660321733943499,0.284645751072,0.59881599899236,55.4570895522382
EEC059,TERRESTRIAL,904.545499999997,1292.855,707.142999999997,1197.405,a,0.3571756225732,-0.24619969907792,0.28047938659106,11.2711300868781
EEC060,TERRESTRIAL,1102.32499999999,1516.63,1032.44,1984.18500000001,c,0.31906918259717,-0.0654966527967893,0.58778666490213,48.7551311999644
EEC063,TERRESTRIAL,4.69000000000001,5.71000000000001,6.84999999999997,19.3,b,0.19678644120973,0.37881606981594,1.41467251345265,243.710021321962
EEC066,TERRESTRIAL,1.43,6.28000000000002,2.85,10.84,d,1.47969553620829,0.689644550008744,2.02556855173968,219.580419580418
EEC067,TERRESTRIAL,1.11,3.65,2.56,7.88999999999998,d,1.19036715227016,0.835647243167228,1.96123611953354,251.351351351349
EEC069,TERRESTRIAL,231.694,342.621999999999,306.963,497.091000000002,a,0.39121026310768,0.28130968360286,0.76335557237924,34.1830172555191
EEC092,TERRESTRIAL,1.605228846,1.49447277,2.391122704,2.269256105,a,-0.0714928471601829,0.398496676677215,0.346185741141631,-0.692145735337681
HLH023,FRESHWATER,0.267024129000001,0.353887399,0.360321716000001,0.376407507,g,0.28163975551051,0.29965826282975,0.343333326617053,-26.5060237309117
HLH228,FRESHWATER,1.721664275,4.01721664299999,1.43472023,0.68866571,h,0.847297860719106,-0.182321556213121,-0.916290731874155,-176.666666792513
HLH279,FRESHWATER,9.52380952399997,10,21.9047619000001,22.53968254,a,0.0487901641494398,0.83290912269772,0.86148249537325,1.66666672196538
HLH315,FRESHWATER,0.0730358760000001,0.329850611,0.139568244000001,1.723455183,d,1.50768908554412,0.64760291346091,3.16113560965736,1817.01415342783
HLH331,FRESHWATER,0.555555556,0.888888889,0.355555555999999,0.444444444,h,0.470003628570735,-0.446287102178421,-0.22314355311421,-44.0000000647998
HLH332,FRESHWATER,0.333333333,0.277777778000001,0.344444444000001,0.366666667000001,g,-0.18232155499395,0.0327898225326703,0.0953101817134202,23.3333334233332
HLH502,FRESHWATER,412.853500000002,670.670000000003,692.319999999997,1278.89999999999,d,0.485184404235269,0.51695546799374,1.13066280395644,79.6320002131496
HLH503,FRESHWATER,3334.87100000001,5639.64800000001,4192.19050000003,17559.7720000001,b,0.525387654254979,0.2287893917287,1.66117660610821,331.731107440139
HLH504,FRESHWATER,2490.1775,3275.35500000003,1598.415,5763.13999999999,h,0.274072267082751,-0.44334147982401,0.83912847198595,135.715124725043
HLH505,FRESHWATER,1967.36,2293.87000000001,1527.09,2739.96499999999,c,0.15354780504062,-0.25332857889206,0.33125260410778,45.0535235035774
HLH527,FRESHWATER,4.90909090900002,18.10909091,5.99999999999997,60,b,1.30532529865494,0.20067069548066,2.50325578847471,831.111111106128
HLH528,FRESHWATER,2.72727272699999,5.12727272699999,3.27272727299999,15.81818182,b,0.63127177688867,0.18232155697729,1.75785791776732,372.000000093868
HLH529,FRESHWATER,1.636363636,3.81818181800001,1.636363636,0.545454545,h,0.847297860561808,0,-1.09861228927922,-200.000000061111
HLH530,FRESHWATER,2.181818182,4.90909090900002,3.27272727299999,5.45454545499998,e,0.810930216114481,0.405465108108161,0.916290731874151,-24.9999999770847
HLH531,FRESHWATER,0.545454545,0.872727273,1.090909091,1.2,f,0.470003630391569,0.693147181476612,0.788457361197604,-40.0000001833333
HLH533,FRESHWATER,1.418181818,1.2,1.636363636,1.527272727,g,-0.167054084534961,0.143100843546656,0.0741079721033549,7.69230768688358
HLH534,FRESHWATER,0.327272727,0.545454545,0.545454545,0.436363636,f,0.510825623765991,0.510825623765991,0.287682072451781,-100
HLH535,FRESHWATER,2.181818182,2.181818182,2.290909091,2.509090909,g,0,0.048790164125781,0.139761942255593,9.99999999083331
HLH536,FRESHWATER,3.81818181800001,9.81818181799999,3.81818181800001,17.4545454499999,b,0.94446160886995,0,1.51982575353161,199.999999895236
HLH537,FRESHWATER,2.72727272699999,7.09090909099999,3.27272727299999,12,b,0.95551144514026,0.18232155697729,1.48160454102422,159.999999992667
HLH538,FRESHWATER,2.94545454499999,8.72727272700004,2.4,14.18181818,b,1.08618976879263,-0.20479441249169,1.57169758447737,203.703703667236
HLH542,FRESHWATER,2.5,3.50000000000001,8.49999999999999,17.0000000000001,d,0.336472236621215,1.22377543162211,1.91692261218207,300.000000000003
HLH543,FRESHWATER,15,22.0000000000001,10,68.0000000000002,h,0.38299225225611,-0.40546510810816,1.5114575040739,340
HLH544,FRESHWATER,5.99999999999997,11,19,42.0000000000001,d,0.60613580357032,1.15267950993839,1.94591014905532,300.000000000003
HLH545,FRESHWATER,1.9,2,2.9,6.30000000000002,b,0.0512932943875498,0.422856850820035,1.19869574722509,173.684210526317
HLH546,FRESHWATER,3.50000000000001,9.00000000000001,10.5,11.4999999999999,f,0.94446160884085,1.09861228866811,1.18958406687383,-128.57142857143
HLH547,FRESHWATER,41.0000000000001,32.0000000000001,52.0000000000001,61.9999999999999,c,-0.24783616390458,0.23767165187712,0.41356231834078,46.3414634146334
HLH548,FRESHWATER,1.8,3.2,1.3,3,a,0.575364144903561,-0.325422400434628,0.510825623765991,16.6666666666669
HLH549,FRESHWATER,10.5,27.9999999999999,9.50000000000005,42.0000000000001,b,0.98082925301172,-0.10008345855698,1.38629436111989,142.857142857144
HLH551,FRESHWATER,0.239999999999999,0.179999999999999,0.2,0.320000000000002,c,-0.28768207245178,-0.18232155679395,0.28768207245179,75.0000000000008
HLH552,FRESHWATER,19,23,25.9999999999999,77.9999999999999,c,0.19105523676271,0.31365755885504,1.41226984752315,252.631578947368
HLH554,FRESHWATER,13.5,20.9999999999999,19.5,23.4999999999999,e,0.44183275227904,0.36772478012532,0.55431073570573,-25.9259259259263
HLH555,FRESHWATER,5,22.4999999999999,12,34.9999999999999,d,1.50407739677627,0.8754687373539,1.94591014905531,110
HLH556,FRESHWATER,5.99999999999997,4.80000000000002,4.49999999999998,11,c,-0.2231435513142,-0.28768207245178,0.60613580357032,128.333333333333
HLH557,FRESHWATER,11.4999999999999,8.00000000000003,5.50000000000003,9.50000000000005,h,-0.36290549368936,-0.73759894313077,-0.1910552367627,65.2173913043476
HLH558,FRESHWATER,4,5.99999999999997,6.20000000000003,9.00000000000001,e,0.40546510810816,0.43825493093116,0.81093021621633,20.0000000000002
HLH559,FRESHWATER,13.5,13.5,11.4999999999999,13,g,0,-0.16034265007518,-0.0377403279828403,11.1111111111118
HLH560,FRESHWATER,4.80000000000002,5.99999999999997,6.79999999999999,12,b,0.2231435513142,0.34830669426821,0.91629073187415,83.3333333333341
HLH562,FRESHWATER,1.5,2.4,1.5,1.4,h,0.470003629245736,0,-0.068992871486951,-66.6666666666667
HLH563,FRESHWATER,4.49999999999998,6.10000000000003,4,5,g,0.304211374403,-0.11778303565638,0.10536051565783,-13.3333333333344
HLH564,FRESHWATER,10,40.0000000000001,41.0000000000001,44,f,1.38629436111989,1.41098697371026,1.48160454092421,-270.000000000001
HLH565,FRESHWATER,1.6,2.75,2.2,2.75,a,0.541597282432744,0.318453731118534,0.541597282432744,-37.4999999999999
HLH566,FRESHWATER,2.8,2.8,2.1,2.9,g,0,-0.287682072451783,0.03509131981127,28.5714285714287
HLH567,FRESHWATER,3.7,5.69999999999997,4.40000000000002,5.99999999999997,a,0.43213335519032,0.17327172127404,0.48342664957787,-10.8108108108113
HLH568,FRESHWATER,1.7,2.4,1.7,1.85,a,0.34484048629173,0,0.084557388028063,-32.3529411764707
HLH569,FRESHWATER,2.2,2.4,1.2,1.7,h,0.0870113769896299,-0.606135803570315,-0.2578291093021,13.6363636363636
HLH570,FRESHWATER,0.75,1.5,0.78,0.85,h,0.693147180559945,0.0392207131532811,0.125163142954006,-90.6666666666666
HLH571,FRESHWATER,3.59999999999998,3.50000000000001,2.6,2.6,g,-0.0281708769666901,-0.325422400434624,-0.325422400434624,2.77777777777714
HLH572,FRESHWATER,0.9,0.8,0.7,1.25,c,-0.117783035656384,-0.251314428280906,0.328504066972036,72.2222222222222
HLH573,FRESHWATER,1.8,2,2.2,4.19999999999999,c,0.105360515657826,0.200670695462151,0.847297860387201,99.9999999999995
HLH575,FRESHWATER,0.45,0.55,0.5,0.55,g,0.200670695462152,0.105360515657827,0.200670695462152,-11.1111111111112
HLH576,FRESHWATER,1.3,1.2,0.9,1,h,-0.0800427076735361,-0.367724780125317,-0.262364264467491,15.3846153846153
HLH577,FRESHWATER,3.8,4.49999999999998,3.7,3.75,g,0.16907633004393,-0.02666824708216,-0.0132452267500201,-17.1052631578943
HLH578,FRESHWATER,9.00000000000001,10.5,11,27.9999999999999,c,0.15415067982726,0.20067069546215,1.13497993283898,172.222222222221
HLH579,FRESHWATER,1.6,3.8,2,3.8,a,0.864997437486604,0.223143551314209,0.864997437486604,-24.9999999999999
HLH580,FRESHWATER,2.7,3.8,2.4,2.7,a,0.341749293722057,-0.117783035656383,0,-29.6296296296297
HLH581,FRESHWATER,2.1,8.20000000000002,3.7,6.30000000000002,f,1.36219680954083,0.566395474920803,1.09861228866811,-166.666666666667
HLH582,FRESHWATER,2.1,3.59999999999998,2.2,6.6,b,0.538996500732683,0.0465200156348931,1.145132304303,138.095238095239
HLH583,FRESHWATER,20,25,20.9999999999999,27.9999999999999,g,0.22314355131421,0.0487901641694299,0.33647223662121,9.99999999999973
HLH584,FRESHWATER,1,1.25,0.7,1.45,h,0.22314355131421,-0.356674943938732,0.371563556432483,50
HLH585,FRESHWATER,9.00000000000001,10,10,17.0000000000001,c,0.10536051565783,0.10536051565783,0.63598876672,66.6666666666666
HLH586,FRESHWATER,0.6,1.15,0.65,1.3,a,0.65058756614115,0.080042707673537,0.773189888233482,16.6666666666666
HLH587,FRESHWATER,1.3,1.7,0.7,1.3,h,0.268263986594679,-0.619039208406223,0,15.3846153846154
HLH588,FRESHWATER,1.3,2.1,1.7,3.2,b,0.479573080261886,0.268263986594679,0.900786545338189,53.8461538461538
HLH589,FRESHWATER,9.04761904800001,8.38095238200001,7.761904762,10.714285714,c,-0.0765400770394399,-0.15327387138356,0.16907632997516,39.9999999867367
HLH590,FRESHWATER,14.309523809,14.0476190480001,14.6428571430001,13.666666667,g,-0.0184723975717102,0.0230273333176795,-0.0459655381546403,-4.99168053762138
HLH591,FRESHWATER,9.48979591900004,12.183673469,15.3061224500001,15.428571428,a,0.24987970770675,0.478035800943,0.48600397048847,-27.0967741977635
HLH592,FRESHWATER,2.85,5.95000000000001,1.67,4.97000000000001,h,0.73607222527698,-0.534495367851896,0.55610084582798,7.01754385964934
HLH593,FRESHWATER,0.0479999999999998,0.0180000000000001,0.01,0.205,h,-0.980829253011719,-1.56861591791384,1.45180896823052,468.750000000001
HLH594,FRESHWATER,2.0999999999999e-05,8.99999999999959e-06,1.1e-05,1.80000000000002e-05,h,-0.847297860387199,-0.646627164924999,-0.154150679827199,90.4761904761926
HLH595,FRESHWATER,0.01468,0.0159999999999999,0.0289200000000001,0.0573999999999998,b,0.0861026990534102,0.6780473741042,1.36355828013915,185.0136239782
HLH598,FRESHWATER,6.99999999999998,7.2,30.5000000000001,59,b,0.0281708769667001,1.47181653455806,2.13162729485041,404.285714285714
HLH601,MARINE,79784448.0299982,266980089.800003,133410066.599998,302655036.700001,e,1.2078454869616,0.514098993782799,1.3332650655742,-22.4989607789894
HLH602,MARINE,98426842.9799981,2738792517.00011,438494165.500016,3732553758.00011,d,3.325958853656,1.4940329447678,3.6355343706201,664.141913616812
HLH603,MARINE,7241045.71999967,124309259.8,7174241.87300034,52273446.9799992,h,2.8430068588855,-0.0092685386682999,1.9767229037855,-993.903529351069
HLH604,MARINE,306914820.100013,314364085.499988,366733221.300013,437559686.60001,g,0.0239815720291007,0.178064416152598,0.354642872875999,20.6497685186298
HLH605,MARINE,26947043.3400003,80556409.9900006,34854039.7600012,98235377.8000015,a,1.095084101989,0.257295466750801,1.2934928309649,36.2636125481508
HLH606,MARINE,37222804.8199989,100990701.7,20132366.8200002,166465986.599995,h,0.9981068439801,-0.614592796755702,1.4978693976199,221.814888209695
HLH619,FRESHWATER,9.156656746,8.67475114500002,36.6265424199999,50.6024344800001,b,-0.0540644890358802,1.38629205230511,1.70951855938702,157.893847744331
HLH620,FRESHWATER,9.31679298299995,8.94413743999997,46.2111920000001,44.72050995,a,-0.0408201859238697,1.60140355088705,1.5686137630123,-12.0001218127326
HLH621,FRESHWATER,9.54840179600005,9.03228177100002,18.8387274900001,27.3548494599999,b,-0.0555687659565901,0.67954093458978,1.05252003501828,94.5942806762027
HLH622,FRESHWATER,6.96775723400001,6.45163819300002,29.1612996299999,25.8064636399999,h,-0.0769593168467701,1.43154907626035,1.30933159041569,-40.7407556501553
HLH623,FRESHWATER,1.833333333,1.75,2.416666667,2.916666667,g,-0.0465200154530742,0.276253376947908,0.464305608427203,31.8181818057852
HLH624,FRESHWATER,1.833333333,3.33333333300001,3.83333333300001,3.8,f,0.597837000837443,0.737598943225643,0.728865263343843,-83.6363636333896
HLH625,FRESHWATER,0.694444444,0.694444444,0.555555556,1.111111111,c,0,-0.22314354987421,0.470003629785735,79.9999999711999
HLH635,FRESHWATER,0.066666667,0.066666667,0.466666667,0.626666667,b,0,1.9459101447696,2.24070968480787,239.9999988
HLH636,FRESHWATER,5.15463917500001,5.97938144299999,4.43298969100002,8.76288659800002,c,0.14842000511827,-0.15082288962179,0.53062825111923,68.0000000000003
HLH637,FRESHWATER,4.639175258,7.21649484499999,5.97938144299999,6.70103092800003,h,0.44183275217126,0.25378052066832,0.36772478009216,-39.9999999741322
HLH638,FRESHWATER,1.818181818,1.636363636,12.72727273,15.4545454499999,b,-0.105360515780048,1.9459101493696,2.14006616330215,159.999999625996
HLH639,FRESHWATER,0.515463918,0.103092784,8.24742267999996,9.27835051500002,h,-1.6094379085541,2.77258872126978,2.89037175692617,279.999999728411
HLH640,FRESHWATER,10.66666667,9.333333333,10.66666667,9.333333333,g,-0.13353139297274,0,-0.13353139297274,0
HLH641,FRESHWATER,11.81818182,15.81818182,10.90909091,14.5454545500001,g,0.29152084872004,-0.0800427077440502,0.2076393649369,-3.07692304567972
HLH642,FRESHWATER,0.233999999999999,0.358799999999999,0.262199999999999,0.355200000000001,a,0.42744401482694,0.1137864559719,0.41735989576032,-13.5897435897429
HLH643,FRESHWATER,0.0785999999999997,0.0873600000000002,0.0706199999999998,0.1041,g,0.10566581256144,-0.10705830893492,0.28098027618577,31.4503816793896
HLH644,FRESHWATER,0.2652,0.304200000000001,0.306600000000001,0.306600000000001,g,0.13720112151349,0.14505970812601,0.14505970812601,-14.7058823529417
HLH645,FRESHWATER,0.603,0.8862,0.7164,0.8922,a,0.385025462038204,0.172321473459372,0.391773125966979,-17.810945273632
HLH646,FRESHWATER,0.6636,0.6432,0.5748,0.6684,g,-0.0312238404515319,-0.143657404111419,0.00720723840494983,17.1790235081374
HLH647,FRESHWATER,1.296,1.44,1.1154,1.248,g,0.105360515657826,-0.150069512956767,-0.0377403279828471,-0.879629629629601
HLH661,FRESHWATER,1.840314327,3.1916833,2.080627534,5.08609236999999,b,0.550612070950836,0.122733160327251,1.01657344153271,89.8811599047012
HLH662,FRESHWATER,0.588826883,0.971662365,0.700140479,1.319126714,b,0.500876159364056,0.173148775553294,0.80659299269514,40.1052940716362
HLH663,FRESHWATER,2.2075536,2.035902207,3.2343409,2.97634370599999,a,-0.0809458684525419,0.381940232793045,0.298810668847705,-3.91137959232395
HLH664,FRESHWATER,3.12509995600001,3.79194189000001,3.866844407,5.22757442100001,g,0.19341199131144,0.2129725071185,0.51448112006438,22.2037083539612
HLH665,FRESHWATER,2.25956737,4.39220652899998,2.067109783,11.644216928,b,0.664658361252994,-0.089021974226559,1.63963628997814,329.464307408549
HLH666,FRESHWATER,8.382841217,9.85800255399997,7.378940807,8.14565018799997,g,0.16209666295695,-0.12755679817974,-0.0287028388949797,-8.45121525817875
HLH667,FRESHWATER,5.757095685,7.62237379,5.519904705,7.10741972100002,g,0.28065471599204,-0.0420725296382699,0.21070614331783,-4.8247085717836
HLH668,FRESHWATER,0.672044239,1.126664096,0.605464554,1.278551189,a,0.51669224794798,-0.104328148971502,0.643158662054325,32.5077971541096
HLH669,FRESHWATER,1.583365243,1.244223084,1.995328914,2.181544776,g,-0.241041176435121,0.231256423276284,0.32048075604845,33.1798379004838
HLH670,FRESHWATER,0.055148856,1.278555281,0.0967614090000005,8.65436247499997,d,3.14345003069102,0.56221224538086,5.05578280310569,13298.9062202849
HLH671,FRESHWATER,0.2,0.289999999999999,0.643965809,0.534733098,f,0.37156355643248,1.169328266532,0.983450373621829,-99.6163554999996
HLH672,FRESHWATER,2.47802618,2.285568182,2.89311512700001,2.482190553,g,-0.0808476973564188,0.154871472101777,0.00167910968515401,-8.81615286243735
HLH673,FRESHWATER,0.016650021,0.0312150660000001,0.00416649700000001,5.31912414600001,h,0.62848938519265,-1.38533584287585,5.76665245688455,31834.1496626342
HLH674,FRESHWATER,7.44448040699998,9.39298341800001,7.37061824400001,8.26424570199998,g,0.23249009281952,-0.00997128358399003,0.10446559014821,-14.1699016630922
HLH675,FRESHWATER,1.368022373,8.14877125799999,0.807294552,10.320941123,h,1.78450097639809,-0.527432854623389,2.02080877638585,199.76995551666
HLH676,FRESHWATER,2.39761763,0.595610818,5.06602570200001,4.30129985400002,h,-1.39264340532026,0.748081034817528,0.584441678466718,43.2629853493366
HLH677,FRESHWATER,2.514833522,0.718474863,3.295443707,3.20646951900001,h,-1.25283116678628,0.270334212261565,0.242963886233175,67.8925446183076
HLH678,FRESHWATER,4.60740546599999,0.884058802,5.180063202,3.119617452,h,-1.65089659339128,0.11715236442116,-0.38995451016858,36.0919160744858
HLH679,FRESHWATER,5.65714285700001,5.65714285700001,7.2,7.54285714299999,g,0,0.24116205684214,0.28768207249597,6.06060606328407
HLH680,FRESHWATER,7.37142857099997,7.2,9.42857142900003,6.51428571400002,g,-0.0235304973520498,0.24613306964251,-0.12361395595289,-37.2093023432494
HLH681,FRESHWATER,2.4,2.057142857,2.571428571,3.25714285699999,c,-0.154150679896703,0.068992871320285,0.30538164950732,42.8571428749997
HLH682,FRESHWATER,0.239999999999999,0.274285714,0.377142857,0.514285714,b,0.13353139158286,0.451985123364274,0.762140051491346,42.8571429166665
HLH683,FRESHWATER,1.44,1.268571429,1.268571429,1.371428571,g,-0.126751705301306,-0.126751705301306,-0.0487901644819321,19.0476189583334
HLH684,FRESHWATER,0.342857142999999,0.342857142999999,0.685714286,0.685714286,a,0,0.693147180559949,0.693147180559949,0
HLH685,FRESHWATER,41.56626506,78.3132530100002,204.8192771,60.24096386,f,0.63342794583797,1.59483911297757,0.37106368147263,-436.231884024849
HLH686,FRESHWATER,1200,13285.71429,21000,34285.7142899995,d,2.40436778762657,2.86220088092947,3.35240721761771,99.9999999999577
HLH707,FRESHWATER,8.78277464100002,6.55432006500002,17.82772916,20.18727819,b,-0.29266799191409,0.70796268707496,0.83226023736937,52.2386579815234
HLH708,FRESHWATER,7.07865658200003,5.89889055300001,22.8089988600001,17.5655574,h,-0.18231985003088,1.17007100353808,0.90885587737929,-57.4074385997673
HLH709,FRESHWATER,5.37453842,9.17604412900003,18.3520734499999,14.68166448,f,0.53492349401423,1.22806986769019,1.00492670597766,-139.024304881609
HLH710,FRESHWATER,5.19311820900001,16.6156879500001,20.76092669,42.7558772800002,d,1.16301297856019,1.38573836780226,2.10817233842135,203.58444432629
HLH711,FRESHWATER,7.77221527599998,17.8673955999999,4.84399559499999,32.1193627999999,h,0.83242234703309,-0.47281531373277,1.4189038207239,221.046204600779
HLH712,FRESHWATER,9.023930395,12.52294454,7.41725449400001,107.3725611,b,0.32768254351489,-0.19607100698452,2.47642468478722,1068.8944643727
HLH714,FRESHWATER,0.416585366,0.679512195,0.358536584999998,1.871219512,b,0.489283779460479,-0.150060695947434,1.5022542417592,300.000000000001
JES028,MARINE,0.0582000000000003,0.283609999999999,0.0593899999999999,0.30866,b,1.58371470022981,0.0202405072903701,1.66835499273529,40.9965635738854
JES044,MARINE,6.71799999999999,7.42499999999997,7.02999999999997,6.72000000000001,g,0.10006219349866,0.0453962146324699,0.000297663344960035,-15.1384340577544
JES045,MARINE,5.63599999999998,5.69,5.43999999999999,4.40099999999998,g,0.00953565410180982,-0.03539553316858,-0.24734280620748,-19.3931866572044
JES046,MARINE,4.63999999999998,4.84999999999999,4.15000000000001,5,g,0.0442643387112299,-0.11160603199555,0.0747235461959401,13.7931034482754
JES047,MARINE,2.505,2.23,3.72999999999998,3.74,a,-0.116287149064801,0.398119499118892,0.400796876889612,11.3772455089826
JES048,MARINE,3.30299999999999,3.59599999999999,5.44299999999998,4.83399999999999,a,0.0849909702007198,0.49949923304341,0.38084313587264,-27.3085074174989
JES049,MARINE,2.80200000000001,2.85,3.74,5.13999999999998,c,0.0169855463657401,0.28875216351162,0.60671963155225,48.2512491077797
JES050,MARINE,475.250000000001,73.0500000000001,348.089999999999,25.2000000000001,h,-1.87269684317183,-0.311379914340979,-2.93699698685116,16.6880589163601
JES066,MARINE,23.54,19.59,20.1,19.5,g,-0.18368186987568,-0.1579812867671,-0.18828663626243,14.2310960067967
JES067,MARINE,32.52,45.2700000000001,44.8,45.13,a,0.33078927676826,0.32035285474133,0.3276919291593,-38.1918819188196
JES073,MARINE,6.13,5.32999999999998,9.41999999999998,16.7999999999999,b,-0.13984351177037,0.42964033864015,1.00818413646109,133.442088091354
JES074,MARINE,3.25000000000001,4.19999999999999,4.63999999999998,6.40000000000002,a,0.25642952894767,0.35605936989651,0.67764299402398,24.9230769230789
JES075,MARINE,7.30000000000003,9.89999999999996,4.99000000000001,14.1,h,0.30466040898619,-0.38043843839092,0.65830044922977,89.1780821917807
JES076,MARINE,6.78999999999997,4.82999999999999,7.35999999999996,8.88999999999997,h,-0.34060447390612,0.0806089911701798,0.26947610795521,51.39911634757
JES077,MARINE,4.71999999999998,4.42999999999998,7.33999999999997,6.64999999999998,a,-0.06340921554042,0.44153004302896,0.3428080550703,-8.47457627118622
JES078,MARINE,0.2,0.2,0.270000000000001,0.169999999999999,h,0,0.30010459245034,-0.16251892949778,-50.0000000000007
JES079,MARINE,0.89,1.45,0.55,0.43,h,0.488097372688435,-0.481303184499668,-0.727436254038577,-76.4044943820225
JES080,MARINE,0.270000000000001,0.289999999999999,0.239999999999999,0.270000000000001,g,0.0714589639821399,-0.11778303565639,0,3.70370370370485
JES081,MARINE,1.39,1.45,2.74,2.2,h,0.042259809289883,0.67865417325738,0.45915361322167,-43.1654676258996
JJE001,FRESHWATER,1,1.4,1.2,1.45,a,0.336472236621213,0.182321556793955,0.371563556432483,-15
JJE002,FRESHWATER,1,2.3,2,5.79999999999998,d,0.832909122935104,0.693147180559945,1.75785791755237,249.999999999998
JJE003,FRESHWATER,1,1,1.85,2.47,b,0,0.615185639090233,0.904218150639886,62.0000000000001
JJE004,FRESHWATER,1,1,1.61,2.14,b,0,0.476234178996372,0.76080582903376,52.9999999999999
JJE005,FRESHWATER,1,1,1.55,1.75,a,0,0.438254930931155,0.559615787935423,20.0000000000001
JJE006,FRESHWATER,1,1.19,1.25,5.79999999999998,c,0.173953307123438,0.22314355131421,1.75785791755237,435.999999999998
JJE007,FRESHWATER,1,1.22,0.87,4.80000000000002,c,0.198850858745165,-0.139262067333508,1.56861591791385,371.000000000002
JJE008,FRESHWATER,1,1.7,1.07,4.6,b,0.53062825106217,0.0676586484738149,1.52605630349505,283
JJE009,FRESHWATER,1,1.29,1.14,1.97,c,0.254642218373581,0.131028262406404,0.678033542749897,54
JJE010,FRESHWATER,1,1.09,1.09,2.2,c,0.0861776962410524,0.0861776962410524,0.78845736036427,102
JJE011,FRESHWATER,1,2.77000000000001,3.03000000000001,5.95000000000001,d,1.01884732019925,1.10856261952128,1.78339121955754,115
JJE012,FRESHWATER,1,1.14,2,2.83999999999999,b,0.131028262406404,0.693147180559945,1.04380405217311,69.9999999999987
JJE014,FRESHWATER,1,1,2.26,2.26,a,0,0.815364813284194,0.815364813284194,0
JJE015,FRESHWATER,1,1.5,1.07,1.8,a,0.405465108108164,0.0676586484738149,0.587786664902119,23
JJE016,FRESHWATER,1,1.21,1.03,1.34,g,0.19062035960865,0.0295588022415444,0.29266961396282,9.99999999999996
JJE017,FRESHWATER,1,1.68,1.36,2.49,b,0.518793793415168,0.307484699747961,0.912282710476616,44.9999999999998
JJE018,FRESHWATER,1,2.6,1.25,15.1,b,0.955511445027436,0.22314355131421,2.71469474382088,1225
JJE022,FRESHWATER,1,1.62,5.14999999999997,3.59999999999998,f,0.482426149244293,1.63899671467564,1.28093384546206,-216.999999999999
JJE023,FRESHWATER,1,1,1,1.4,c,0,0,0.336472236621213,40
JJE024,FRESHWATER,1,3.9,6.99999999999998,19.9000000000001,d,1.3609765531356,1.94591014905531,2.99071973173045,1000.00000000001
JJE025,FRESHWATER,1,5.99999999999997,1.1,10.75,b,1.79175946922805,0.0953101798043249,2.37490575457367,465.000000000001
JJE026,FRESHWATER,1,2.67,5,7.33,d,0.982078472412158,1.6094379124341,1.99197551589856,66
JJE027,FRESHWATER,1,2,2,7.49999999999996,d,0.693147180559945,0.693147180559945,2.01490302054226,449.999999999996
JJE028,FRESHWATER,1,1.59,7.93999999999996,8.23000000000001,e,0.46373401623214,2.07191327525904,2.10778601468898,-29.9999999999951
JJE029,FRESHWATER,1,0.98,1.61,1.73,a,-0.0202027073175195,0.476234178996372,0.548121408509688,14
JJE030,FRESHWATER,1,1.26,1.26,1.86,g,0.231111720963387,0.231111720963387,0.62057648772511,33.9999999999999
JJE031,FRESHWATER,1,0.95,1.29,2.06,c,-0.0512932943875506,0.254642218373581,0.72270598280149,82
JJE032,FRESHWATER,1,1.3,1.7,2.1,a,0.262364264467491,0.53062825106217,0.741937344729377,10
JJE033,FRESHWATER,1,1.02,0.98,1.06,g,0.0198026272961797,-0.0202027073175195,0.0582689081239758,6.00000000000001
JJE034,FRESHWATER,1,1.3,1.48,1.4,a,0.262364264467491,0.392042087776024,0.336472236621213,-38
JJE035,FRESHWATER,1,0.93,2.75,2.32,a,-0.0725706928348354,1.01160091167848,0.841567185678219,-36
JJE037,FRESHWATER,1,1.44,2.67,1.89,f,0.364643113587909,0.982078472412158,0.636576829071551,-122
JJE038,FRESHWATER,1,1.8,1.2,1,h,0.587786664902119,0.182321556793955,0,-100
JJE039,FRESHWATER,1,8.09999999999998,3.87,5.50000000000003,f,2.09186406167839,1.35325450704169,1.70474809223843,-546.999999999995
JJE040,FRESHWATER,1,0.82,1.12,6.07000000000002,c,-0.198450938723838,0.113328685307003,1.80335860507141,513.000000000002
JJE041,FRESHWATER,1,2.05,3.17,4.40999999999998,e,0.717839793150317,1.15373158788919,1.48387468945875,18.9999999999977
JJE042,FRESHWATER,1,2.36,1.2,1.62,h,0.858661619037519,0.182321556793955,0.482426149244293,-94.0000000000001
JJE043,FRESHWATER,1,0.82,1.78,3.41999999999999,b,-0.198450938723838,0.576613364303994,1.22964055107451,181.999999999999
JJE044,FRESHWATER,1,3.7,2.1,3,f,1.30833281965018,0.741937344729377,1.09861228866811,-180
JJE045,FRESHWATER,1,1.23,1.51,2.65,b,0.207014169384326,0.412109650826833,0.97455963999813,90.9999999999998
JJE046,FRESHWATER,1,2.26,1.15,10.6,b,0.815364813284194,0.139761942375159,2.36085400111802,818.999999999999
JJE047,FRESHWATER,1,1.25,1.15,2.31,c,0.22314355131421,0.139761942375159,0.837247524533702,90.9999999999999
JJE049,FRESHWATER,1,1.42,1.02,1.69,a,0.350656871613169,0.0198026272961797,0.524728528934982,25
JJE050,FRESHWATER,1,1,2.31,3.49000000000001,b,0,0.837247524533702,1.24990173621434,118.000000000001
JJE051,FRESHWATER,1,1.07,1.7,4.05000000000001,b,0.0676586484738149,0.53062825106217,1.39871688111845,228.000000000001
JJE052,FRESHWATER,1,1.71,1.22,3.54999999999998,b,0.536493370514568,0.198850858745165,1.26694760348732,161.999999999999
JJE053,FRESHWATER,1,2.48,1.1,9.83999999999998,b,0.90825856017689,0.0953101798043249,2.28645571106416,725.999999999998
JJE064,FRESHWATER,84.066,163.187000000001,98.9009999999993,652.746999999997,b,0.66329457787734,0.16251714518385,2.04958740701127,564.705112649581
JJE065,FRESHWATER,129.915,211.966,109.401999999999,505.982999999998,b,0.48954549400058,-0.171851219094701,1.35962268143401,242.104452911517
JJE066,FRESHWATER,148.634,227.322,100.546,638.250999999999,h,0.424880606294329,-0.39087157404188,1.45724471463867,308.823687716134
JJE067,FRESHWATER,88.4619999999997,230.769,92.3079999999998,550.000000000002,b,0.958844128914761,0.0425577303688804,1.82734519695307,356.520313807061
JJE068,FRESHWATER,83.0600000000002,279.781000000001,96.1750000000001,616.393,b,1.21444391607619,0.14660621043575,2.0043215089167,389.473874307727
JJE069,FRESHWATER,163.043,410.870000000001,176.087000000001,802.173999999999,b,0.92426289306147,0.0769642213873203,1.59331157224293,232.00014720043
JJE070,FRESHWATER,16.9,19.3,18.6000000000001,16.7999999999999,g,0.13279147398181,0.0958479587901305,-0.00593473551981972,-24.8520710059178
JJE071,FRESHWATER,2.9,3.7,2.7,6.49999999999999,c,0.24362208265775,-0.071458963982147,0.80709143990916,103.448275862068
JJE072,FRESHWATER,2.9,3.9,3.2,9.09999999999996,c,0.29626581614317,0.0984400728132499,1.14356367653037,168.965517241378
JJE073,FRESHWATER,40.2000000000002,44.1999999999999,51.2999999999998,61.9,g,0.0948577934586702,0.24382375655174,0.43165318406557,16.4179104477623
JJE074,FRESHWATER,3,4.49999999999998,3.7,4.49999999999998,a,0.40546510810816,0.20972053098207,0.40546510810816,-23.3333333333334
JJE075,FRESHWATER,2.2,3.59999999999998,6.79999999999999,5.99999999999997,f,0.49247648509779,1.12846525181779,1.00330210886378,-100
JJE076,FRESHWATER,28.8,28.2000000000001,37.7999999999999,38.5000000000001,g,-0.02105340919783,0.27193371548364,0.29028285415184,4.51388888888913
JJE077,FRESHWATER,4.6,5.59999999999998,7.1,6.49999999999999,a,0.19671029424605,0.43403848055222,0.34574587340654,-34.7826086956519
JJE078,FRESHWATER,3.1,3.9,6.7,8.89999999999996,b,0.2295744416445,0.77070541490582,1.05464916524699,45.1612903225797
JJE079,FRESHWATER,11.2999999999999,8.20000000000002,17.9,18.5,a,-0.32066857144808,0.45999798712842,0.49296800636599,32.743362831858
JJE080,FRESHWATER,16.1,15.8,30.0000000000001,29.5999999999999,a,-0.0188093319574996,0.62237810967174,0.60895508933959,-0.621118012423691
JJE081,FRESHWATER,21.2000000000001,19,40.3000000000001,40.3999999999998,a,-0.10956220251153,0.64235028727467,0.64482860328913,10.8490566037725
JJE082,FRESHWATER,17.5,12.5000000000001,11.9,9.70000000000003,h,-0.33647223662121,-0.38566248081199,-0.59007499542013,16.0000000000002
JJE083,FRESHWATER,32.3,37.6999999999998,48.1000000000002,32.0000000000001,h,0.15459286422535,0.39821494688311,-0.00933132742888005,-66.5634674922599
JJE084,FRESHWATER,27.3999999999999,24.4000000000001,28.9999999999999,28.2999999999999,g,-0.11595988109486,0.0567528165924501,0.0323187912551701,8.39416058394109
JJE085,FRESHWATER,21.4000000000001,13.3,15.5,17.0000000000001,h,-0.4756268868001,-0.32255089810261,-0.23017757797159,44.8598130841127
JJE086,FRESHWATER,7.90000000000003,8.89999999999996,7.70000000000001,6.89999999999997,g,0.11918851726511,-0.0256424306133399,-0.13534134786977,-22.7848101265818
JJE087,FRESHWATER,9.89999999999996,11.4,8.49999999999999,8.09999999999998,g,0.14107859825991,-0.15246859364427,-0.20067069546215,-19.1919191919199
JJE088,FRESHWATER,1.254,2.64,1.056,32.607,b,0.744440474947496,-0.171850256926659,3.25818854703843,2405.5023923445
JJE089,FRESHWATER,2.112,4.158,1.782,19.076,b,0.677398823591805,-0.169899036795397,2.20079563459197,721.969696969699
JJE090,FRESHWATER,9.76900000000004,12.343,8.58099999999997,20.066,c,0.23387499409098,-0.12966364984583,0.71981273383261,91.2171153649303
JJE091,FRESHWATER,1.993,3.52199999999998,2.591,11.03,b,0.569387968843352,0.262402860349315,1.71097779203475,346.713497240341
JJE092,FRESHWATER,3.45499999999999,5.38199999999998,3.52199999999998,6.84400000000002,b,0.44323759508508,0.0192065528543801,0.68354989881032,40.376266280754
JJE093,FRESHWATER,10.963,12.292,9.36899999999999,11.827,g,0.11442267757584,-0.15711959972335,0.0758590865765799,10.2982760193375
JJE103,FRESHWATER,26.916,15.7009999999999,15.7009999999999,35.5139999999999,h,-0.53899650073269,-0.53899650073269,0.27720607961057,115.277158567395
JJE104,FRESHWATER,37.3579999999999,14.7170000000001,23.7739999999999,72.4529999999997,h,-0.93154379055513,-0.45195453217868,0.66239099703979,190.909577600513
JJE105,FRESHWATER,21.132,9.81099999999996,18.491,29.8110000000001,h,-0.76728427412082,-0.13350435207722,0.34408897361527,107.14082907439
JJE106,FRESHWATER,197.156,236.966999999999,225.592,443.601999999998,c,0.183925597393461,0.13473276446176,0.81093247049184,90.3847714500186
JJE107,FRESHWATER,106.161,183.886999999999,92.8910000000001,379.147,b,0.54936462879549,-0.13353004696042,1.27296718295656,196.428066804194
JJE108,FRESHWATER,9.13000000000002,51.7389999999998,10.435,56.9570000000001,b,1.73464615455796,0.13359984592228,1.83073090257048,42.8587075575071
JJE109,FRESHWATER,25,25,204.000000000001,244,b,0,2.09924416897602,2.278292400425,159.999999999996
JJE110,FRESHWATER,6.26799999999997,8.84899999999997,6.26799999999997,9.21800000000003,a,0.34484713379144,0,0.38570076980455,5.8870453095096
JJE111,FRESHWATER,1.828,3.92199999999998,1.861,5.55099999999998,b,0.763379254742192,0.017891504628156,1.11075561867606,87.3085339168487
JJE112,FRESHWATER,53.1749999999999,54.7620000000002,93.6509999999999,111.905,a,0.0294081616764998,0.56598674580338,0.744061935985791,31.3436765397264
JJE113,FRESHWATER,91.9250000000004,116.77,91.9250000000004,260.87,c,0.23923316090028,0,1.04304917175898,156.758226815338
JJE114,FRESHWATER,156.522,168.944,347.825999999999,447.205,b,0.07637072388383,0.79850577955246,1.04982052727784,55.5557685181636
JJE115,FRESHWATER,136.646000000001,151.553,233.54,320.497,b,0.103541758671701,0.53595972856434,0.85247927585927,52.7274856197766
JJE116,FRESHWATER,57.1429999999998,62.112,49.6890000000002,42.2360000000001,g,0.0833823089370603,-0.13977331741141,-0.30228396010527,-21.7384456538865
JJE117,FRESHWATER,109.317,186.335000000001,124.223999999999,228.571,a,0.53329421067852,0.12783446923424,0.737594965858499,24.9997713072986
JJE118,FRESHWATER,109.317,166.46,86.9559999999998,650.932000000001,b,0.420503122005649,-0.22884967471737,1.7841532637554,463.636030992435
JJE119,FRESHWATER,44.7199999999998,119.255,59.6269999999999,745.341999999998,b,0.9808432287638,0.28768766277605,2.81342234459941,1366.68157423971
JJE120,FRESHWATER,216.149,330.434999999999,233.54,330.434999999999,a,0.42444198355369,0.0773853839614702,0.42444198355369,-8.04583875012147
JJE121,FRESHWATER,7.49999999999996,24.5,7.76666666699997,21.5000000000001,h,1.18377009700842,0.0349380514042004,1.05314991459136,-43.5555555599991
JJE122,FRESHWATER,8.33333333299999,6.93333333300003,7.833333333,20.8333333300001,c,-0.183922838169,-0.0618754037206401,0.91629073175416,172.799999970913
JJE123,FRESHWATER,5.83333333300002,8.43333333300001,5.99999999999997,11.56666667,b,0.36860351482162,0.0281708770238302,0.68453880636867,50.8571429171928
JJE124,FRESHWATER,5.96666666700003,6.79999999999999,17.8333333300001,23.16666667,b,0.13073418794759,1.09488094081247,1.35652603981205,75.4189945265112
JJE125,FRESHWATER,8.33333333299999,12.5000000000001,8.33333333299999,12.5000000000001,a,0.40546510814817,0,0.40546510814817,0
JJE126,FRESHWATER,8.66666666699996,8.16666666700002,9.166666667,10.5,g,-0.0594234204684397,0.0560894666489503,0.19189100777165,21.1538461491861
JJE127,FRESHWATER,13.83333333,17.33333333,33,43.6666666700001,b,0.22555029139343,0.8694264231389,1.1495038962818,51.8072289522436
JJE128,FRESHWATER,12.2333333300001,16,17.73333333,36.9999999999998,b,0.26842425611984,0.37128164137158,1.10675344652428,126.702997309727
JJE129,FRESHWATER,14.3333333299999,35.3333333300001,12.6666666699999,38.0000000000002,a,0.90223897855673,-0.12361395547146,0.9749983329335,30.2325581233106
JJE130,FRESHWATER,16.4999999999999,24.16666667,15.3333333299999,34.9999999999999,b,0.38161389242392,-0.0733312733029398,0.75198768058288,72.7272727272723
JJE131,FRESHWATER,15.6666666699999,16,29.66666667,25.6666666699999,a,0.02105340898507,0.63848876792168,0.49365782006073,-27.6595744409247
JJE132,FRESHWATER,53.3333333300001,57.6666666699999,84.6666666700003,124.659999999999,b,0.0781177793842502,0.462160451886581,0.84902850487748,66.8624999854276
JJE133,FRESHWATER,19.16666667,54.1666666699999,18.8333333299999,52.6666666700001,a,1.03889305385411,-0.0175443100018197,1.01081008511304,-6.0869564858966
JJE134,FRESHWATER,24.16666667,21.5000000000001,27.1666666700001,30.0000000000001,g,-0.11692133819683,0.11701645837096,0.21622310833171,22.7586206865159
JJE135,FRESHWATER,10.83333333,27.9999999999999,16.1666666699999,25.5,f,0.94957670981531,0.40032370912162,0.85605065180449,-72.3076923914778
JJE136,FRESHWATER,23.66666667,22.3333333299999,16.4999999999999,72.0000000000003,h,-0.0579872579404501,-0.36070720760752,1.11259853050201,240.140845064771
JJE137,FRESHWATER,9.66666666700003,17.5,9.50000000000005,30.5000000000001,b,0.59351733957662,-0.0173917427463498,1.14904314226052,136.206896550476
JJE138,FRESHWATER,6.83333333299998,6.66666666699999,9.166666667,34.9999999999999,c,-0.0246926124915901,0.29376111861331,1.63353546406194,380.487804881974
JJE139,FRESHWATER,13.66666667,23.66666667,15.3333333299999,22.6666666700001,a,0.54910781023395,0.11506932932349,0.50593563837496,-19.5121950684104
JJE140,FRESHWATER,13,12.16666667,30.33333333,34.9999999999999,b,-0.0662493852672297,0.84729786027731,0.99039870402787,42.3076923076915
JJE141,FRESHWATER,12,12,7.33333333299999,20,h,0,-0.49247648514325,0.51082562376599,105.555555558333
JJE142,FRESHWATER,11.33333333,14.5,16.8333333299999,72.5,b,0.2464004137726,0.39561281176125,1.8558383262067,463.235294253895
JJE143,FRESHWATER,23.66666667,45.1666666700002,20.66666667,122.1866667,b,0.6462917632114,-0.13554549197578,1.64148234179583,338.112676135476
JJE144,FRESHWATER,21.6666666699999,31.33333333,14.6666666699999,21.8333333299999,h,0.36890751211414,-0.39019763590395,0.00766287243905023,-11.5384615366868
JJE145,FRESHWATER,12.1000000000001,13,11.66666667,11.33333333,g,0.0717439048588399,-0.0364696794956801,-0.06545721694877,-10.1928375206615
JJE146,FRESHWATER,10.1666666700001,9.66666666700003,9.333333333,9.83333333300004,g,-0.0504308539202802,-0.08552217380175,-0.0333364206293602,9.8360656000543
JJE147,FRESHWATER,9.66666666700003,20.3333333300001,10,21.33333333,a,0.74357803398842,0.0339015516412001,0.79158725318246,6.89655172734718
JJE148,FRESHWATER,62.16666667,79.8333333300003,91.02666667,153.7866667,b,0.25012217767173,0.38133355344921,0.90574741038642,72.5361930845825
JJE149,FRESHWATER,6.49999999999999,7.33333333299999,11.4999999999999,33.66666667,b,0.12062798774316,0.57054485846761,1.64470605137057,328.20512826154
JJE150,FRESHWATER,5.50000000000003,7.75000000000003,6.99999999999998,26.33333333,b,0.34294475112683,0.24116205681688,1.5660874714339,310.606060545454
JJE151,FRESHWATER,35.3333333300001,57.1666666699998,28.33333333,52.1666666700002,a,0.48114417264657,-0.22078783764506,0.38961691602638,5.66037735902592
JJE152,FRESHWATER,28.6666666700001,39.33333333,25.3333333299999,42.5,g,0.31633732801113,-0.12361395621504,0.39376906822869,22.6744186368984
JJE153,FRESHWATER,12.83333333,16,9.166666667,40.0000000000001,h,0.22054276987389,-0.33647223632511,1.13683350174805,215.584415611841
JJE154,FRESHWATER,9.166666667,15.6,9.00000000000001,21.06666667,b,0.53169719821471,-0.0183491387045601,0.83211829660215,61.454545492311
JJE155,FRESHWATER,15.83333333,25,17.0000000000001,22.8333333299999,a,0.45675840270624,0.0710959218942603,0.36610403429212,-21.0526316254858
JJE156,FRESHWATER,8.83333333299999,24.16666667,10.1666666700001,27.9999999999999,a,1.00644182904412,0.1405819509868,1.15367206588887,28.3018867142738
JJE157,FRESHWATER,23.66666667,60.9999999999999,25.5,62.6666666699999,a,0.94680627565926,0.0746108636503299,0.973762085700979,-0.704225323844433
JJE158,FRESHWATER,81.0000000000001,84.6666666700003,84.8333333299995,90.8333333299998,g,0.0442728237173604,0.0462393926107296,0.11457717072605,2.88065843209889
JJE159,FRESHWATER,5.83666666699999,4.11666666700001,7.963333333,11.31333333,h,-0.34911608319991,0.31068781494099,0.66182211315657,86.8646487157694
JJE160,FRESHWATER,5.69807615100002,5.69524693600002,8.335862906,11.72958682,b,-0.000496644400680019,0.38043843835822,0.72198583733329,59.6087703812778
JJE161,FRESHWATER,2.771129667,1.960481667,1.578064,3.49421066699998,h,-0.346064867563505,-0.563056279814933,0.2318524447426,98.4001109537392
JJE162,FRESHWATER,2.586666667,3.23333333299998,2.476666667,9.54000000000005,c,0.223143551082246,-0.0434564754597359,1.30512343980432,248.0670102902
JJE163,FRESHWATER,1.908548313,2.370523788,2.097231239,4.331451394,c,0.21676803079565,0.094275109652609,0.819559773240554,92.8582560854459
JJE164,FRESHWATER,2.771129667,1.960481667,1.578064,3.49421066699998,h,-0.346064867563505,-0.563056279814933,0.2318524447426,98.4001109537392
JJE165,FRESHWATER,2.795368821,0.822198364,5.66473269900001,3.34713443199999,h,-1.22373764962927,0.70629565339878,0.18014053102099,-12.3213726722761
JJE166,FRESHWATER,4.51849433300002,3.94102866699999,11.05358259,11.06729,a,-0.13673705395329,0.89457576552479,0.89581508478751,13.0834085965879
JJE167,FRESHWATER,2.70743397,11.97950971,1.543490394,10.76521292,h,1.48719635435632,-0.561954970361255,1.38031859774988,-1.85981318687653
JJE168,FRESHWATER,1.576384452,6.93685068100003,1.718081931,17.6489270499999,b,1.48171397584956,0.0860746088693398,2.41554108785209,670.545746412874
JJE169,FRESHWATER,4.58137879599999,7.64460369799998,6.882624175,87.1821841599999,d,0.51199999999123,0.40700000002566,2.94599999996698,1685.87533409014
JJE170,FRESHWATER,2.601270553,2.643225628,2.131871004,53.2501169099999,c,0.016000000224924,-0.199000000113154,3.01900000018424,1963.5132059637
JJE171,FRESHWATER,20.86347453,32.0084522299999,17.8320963599999,53.51703423,b,0.42800000017034,-0.15700000010265,0.94200000010676,117.621636485877
JJE172,FRESHWATER,3.951123623,5.053090317,9.57351086799997,123.9650908,b,0.2460000001058,0.88500000006697,3.44600000018225,2867.27584473761
JJE173,FRESHWATER,5.15001691900002,5.457550158,17.8320963599999,77.4010231900001,b,0.05800000014182,1.2419999999245,2.71000000010438,1150.70289133161
JJE174,FRESHWATER,4.280201124,4.83557477599998,12.8327436200001,104.2717008,b,0.12199999994132,1.09799999980309,3.19300000008904,2123.34843375457
JJE175,FRESHWATER,4.31026764199998,3.31679846500001,11.00115206,118.2735309,b,-0.26200000019568,0.93699999994206,3.31200000028795,2511.81265316426
JJE176,FRESHWATER,9.99415078099995,7.61408635900002,8.31449186399998,91.7438082800003,c,-0.27199999993159,-0.18399999994662,2.21700000001035,858.596019995354
JJE177,FRESHWATER,9.78646198,9.58308916700003,13.3031387000001,110.1672868,c,-0.02099999998476,0.30699999985772,2.42099999964534,991.855086254576
JJE178,FRESHWATER,8.55914241499999,11.0895142500001,7.07098647599999,93.8783692300002,c,0.2589999997104,-0.19099999995172,2.39500000006822,984.643166718476
JJE179,FRESHWATER,1.427607548,1.26617431,6.44303691699999,64.1356261700002,b,-0.119999999946982,1.50700000010917,3.80500000020074,4052.51587329098
JJE180,FRESHWATER,4.79704450399998,7.30091731599999,7.83812776200001,97.5143942099999,d,0.42000000004388,0.49100000003434,3.01200000008824,1817.21044204013
JJE181,FRESHWATER,16.94546082,25.2543899499999,13.31644849,73.4055833399999,b,0.39900000028349,-0.24100000005172,1.46600000029793,305.569770394713
JJE182,FRESHWATER,2.94762570299999,3.155036295,4.72090255200001,78.1789163999999,b,0.0680000000407101,0.47100000011332,3.27800000009816,2485.07139768282
JJE183,FRESHWATER,1.397940385,1.579328884,3.57155115999998,102.4116013,b,0.122000000001198,0.938000000182939,4.29400000029259,7057.42982316091
JJE184,FRESHWATER,4.174522581,3.155036295,4.42380417900002,67.08765179,c,-0.28000000001889,0.0579999999961801,2.77700000016007,1525.52376137213
JJE185,FRESHWATER,2.99816369600001,5.33345902199998,2.386910854,60.3402876000001,b,0.5759999999947,-0.227999999724975,3.00200000011944,1855.07153909584
JJE186,FRESHWATER,2.596073211,6.39809314600002,3.43150863599999,78.2571344200001,b,0.90200000012544,0.27900000013907,3.40600000005261,2735.80904991666
JJE187,FRESHWATER,4.42823019600002,5.92985641900001,7.54586702900004,79.8380334100002,b,0.29200000012394,0.53300000005304,2.89200000011656,1598.61924571908
JJE188,FRESHWATER,4.869542548,8.75828404099999,7.48574091800003,87.6191866799996,d,0.58699999999591,0.42999999997977,2.88999999995336,1565.74675172136
JJE189,FRESHWATER,3.72102809599998,3.81522637100001,4.59514356900001,72.16823568,c,0.0250000000720797,0.21099999993886,2.96500000006794,1813.44757672048
JJE190,FRESHWATER,2.829217014,6.95875097100003,4.39294568099998,81.4508686599996,d,0.90000000017639,0.44000000014275,3.36000000006326,2577.68805507401
JJE191,FRESHWATER,3.665629205,7.12065702499998,2.221094295,127.7403898,h,0.66399999995547,-0.500999999891209,3.55099999963655,3329.96767699531
JJE192,FRESHWATER,5.03291832599998,7.63696291600004,4.97288423100001,71.2361204900002,b,0.41700000009567,-0.0120000000130699,2.65000000006705,1264.85644203956
JJE193,FRESHWATER,4.263114515,6.049647464,2.159766254,20.0855369200001,h,0.34999999997134,-0.679999999860813,1.5499999998809,378.578564104091
JJE194,FRESHWATER,14.2249860599999,15.27167797,15.84731365,74.6641457200003,c,0.0709999998523401,0.10800000010747,1.65799999989133,406.117376258437
JJE195,FRESHWATER,5.959579948,2.123360553,9.24423394599996,96.8341769900004,h,-1.03199999992698,0.43899999989723,2.78799999997714,1534.10413547154
JJE196,FRESHWATER,2.932924359,3.20271856300001,2.379760851,59.38252552,c,0.08800000005147,-0.209000000166028,3.00799999989569,1934.34823134489
JJE197,FRESHWATER,3.20592288300001,5.61813635799998,11.2571108,56.3735456699997,d,0.56100000007767,1.25600000015199,2.8670000001254,1332.04144184025
JJE198,FRESHWATER,7.35955890799999,9.27200828899998,189.236962600001,131.105192900001,h,0.23100000005234,3.24700000014969,2.88000000023981,-815.867089748149
JJE199,FRESHWATER,2.614309476,3.19631952699999,2.066796864,55.8126195099999,c,0.201000000134507,-0.234999999822805,3.06099999997994,2033.56997643381
JJE200,FRESHWATER,2.86051019800001,3.90789943199999,3.31348332500001,40.8129731400001,c,0.3120000001391,0.14700000025936,2.65800000015521,1274.32164396709
JJE201,FRESHWATER,3.320116923,5.92985641900001,2.50929039,31.5003923100001,b,0.5799999999896,-0.280000000053963,2.2499999999604,794.591366383637
JJE202,FRESHWATER,1.79858456,2.042143517,2.142557052,39.2911774,c,0.126999999832026,0.174999999833188,3.08400000002721,2051.8947071913
JJE203,FRESHWATER,2.79826616899999,2.588296662,8.14170811399996,51.7280403000002,b,-0.078000000125668,1.06799999999062,2.91700000003313,1565.12279561496
JJE204,FRESHWATER,3.23167313000001,4.15785784299999,5.76036015700002,66.4865718400001,b,0.25200000003417,0.57799999998549,3.02400000002921,1850.43550397685
JJE205,FRESHWATER,2.203396426,3.064854203,1.934792334,50.4004447799999,b,0.330000000020556,-0.130000000091634,3.13000000015454,2160.49159866432
JJE206,FRESHWATER,3.356839815,3.25763020499999,2.382141802,42.7342198099998,h,-0.0300000000934901,-0.343000000340325,2.543999999839,1205.04074806441
JJE207,FRESHWATER,3.60023816400002,3.68768909399999,2.410899706,49.9988497399999,h,0.0240000001395101,-0.401000000113532,2.63100000002304,1319.37102325544
JJE208,FRESHWATER,2.174937656,3.13302815999999,3.142441357,59.4419377499998,d,0.364999999898106,0.367999999829396,3.30799999975729,2544.50539013518
JJE209,FRESHWATER,7.69830365499998,3.773488858,4.50866003699999,38.2827728499999,h,-0.71300000000158,-0.53499999998734,1.60399999991573,489.704346561008
JJE210,FRESHWATER,1.887022141,2.37738228,1.892691708,57.7428770099998,c,0.231000000259057,0.00300000025328584,3.42100000021959,2933.71359880614
JJE211,FRESHWATER,2.529445225,2.440004784,2.314051768,48.47266351,c,-0.0360000000792971,-0.0889999998661592,2.95300000003199,1828.38717857589
JJE212,FRESHWATER,1.898378309,2.476880734,1.663626736,33.2149474800001,c,0.265999999837253,-0.132000000208074,2.86199999976614,1631.54088793374
JJE213,FRESHWATER,1.7629702,1.688769234,1.423331143,62.6773413300003,c,-0.043000000549957,-0.214000000571275,3.57099999976127,3478.68677264087
JJE214,FRESHWATER,2.23446092,1.890799962,1.557372334,55.2020450200001,h,-0.167000000027573,-0.361000000086663,3.20700000019338,2416.16817554366
JJE215,FRESHWATER,3.04956817900001,4.191254112,2.630042485,47.9903524500001,c,0.31799999994928,-0.147999999888506,2.75600000014147,1449.99624328779
JJE216,FRESHWATER,3.951123623,4.32754324000001,5.61252102999999,76.24867208,b,0.0909999999499901,0.35100000007416,2.9600000000111,1778.22154244957
JJE217,FRESHWATER,5.56223496699999,12.5912232,6.692583681,85.3704481100002,b,0.81699999983505,0.18500000005716,2.73100000006685,1288.13105920702
JJE218,FRESHWATER,2.98918268299999,2.883486061,2.75660541300001,55.4232953999998,c,-0.03599999986259,-0.0809999999412498,2.9200000000866,1765.44534762381
JJE219,FRESHWATER,3.61828443300001,3.414393915,1.9857566,55.8126195099999,h,-0.0580000000034699,-0.59999999976245,2.73599999994176,1493.26993022496
JJE220,FRESHWATER,2.511800935,3.20592288300001,1.894585346,68.6485492900002,c,0.244000000091907,-0.282000000029615,3.30800000017209,2629.97919443008
JJE221,FRESHWATER,2.792675229,4.27164927600002,2.511800935,85.0296483699999,b,0.4250000001148,-0.106000000013407,3.41600000016692,2901.83665277177
JJE222,FRESHWATER,2.330306957,3.01018036800001,2.577964154,78.1789163999999,c,0.255999999786854,0.100999999740919,3.5129999998442,3215.0733880764
JJE223,FRESHWATER,3.85742553100001,4.90374892799998,2.664456242,50.9069776700002,h,0.23999999985483,-0.37000000005207,2.57999999993713,1223.51546780904
JJE224,FRESHWATER,3.89229905599999,3.39057661600001,3.74342137699998,39.7655118399999,c,-0.1379999998717,-0.03900000008488,2.32399999993184,938.360911572258
JJE225,FRESHWATER,2.85765111800001,3.08947137400001,5.78344774199998,48.66694246,b,0.07799999992112,0.70500000002957,2.83500000003257,1492.54309573839
JJE226,FRESHWATER,2.557422716,2.318684502,3.445262159,34.4669191899998,c,-0.097999999955481,0.298000000159541,2.60100000016089,1222.33978174298
JJE227,FRESHWATER,7.61408635900002,14.01320361,5.419480705,57.3974570500001,h,0.61000000013283,-0.34000000005311,2.02000000005044,598.612321229125
JJE228,FRESHWATER,4.80184394800001,4.72562581599998,181.2722419,111.4972581,h,-0.01599999997227,3.63100000015886,3.1449999995882,-1451.50001588514
JJE229,FRESHWATER,3.99882272899999,3.88840870200001,2.406082726,68.3745035500002,h,-0.02800000014916,-0.507999999879877,2.83899999997117,1652.4572187656
JJE230,FRESHWATER,2.422984391,3.49733062899998,3.410981228,46.57202318,d,0.367000000280793,0.342000000250313,2.95600000009899,1736.97758311312
JJE231,FRESHWATER,3.978878517,10.76176958,4.37540899500002,42.60620926,b,0.99500000037877,0.09500000007084,2.37099999999,790.371182925964
JJE232,FRESHWATER,2.247907987,2.117000017,2.117000017,34.4669191899998,c,-0.0599999999609641,-0.0599999999609641,2.7299999998312,1444.93579500769
JJE233,FRESHWATER,2.603873125,2.516829564,4.567655255,53.5705780300002,b,-0.03400000012572,0.561999999893777,3.0239999999747,1885.26721462284
JJE234,FRESHWATER,2.72917673100001,3.290369933,2.97724983400001,67.7618939000003,c,0.18700000011641,0.0869999999287003,3.21200000009015,2353.21700256722
JJE235,FRESHWATER,3.53247938599999,2.715564905,5.04803975200001,82.7645641000004,b,-0.263000000149581,0.35699999997754,3.15399999994697,2223.18180086899
JJE236,FRESHWATER,4.91356624,4.07552674100001,4.18287998100001,55.8684600499998,c,-0.18700000002031,-0.16099999999325,2.43100000004362,1068.95108364306
JJE237,FRESHWATER,5.32812822900002,5.98346600799997,4.258853532,62.6773413300003,c,0.11600000010634,-0.22399999983572,2.46500000007492,1084.11711461083
JJE238,FRESHWATER,2.596073211,2.93879607700001,5.57894672699999,49.55087899,b,0.12399999995652,0.76500000006594,2.94900000016577,1680.58470817139
JJE239,FRESHWATER,2.207807629,2.179291884,2.286449094,42.3937099099999,c,-0.0129999998910921,0.0350000000741031,2.95499999998136,1817.9018875471
JJE240,FRESHWATER,2.005713785,2.89793959500001,1.902178865,51.0088935100002,b,0.368000000097514,-0.0529999997130761,3.23600000017203,2403.85688105545
JJE241,FRESHWATER,4.15785784299999,3.37704139800001,2.718281828,64.1356261700002,h,-0.20799999992079,-0.425000000227553,2.73599999995724,1495.9184064389
JJE242,FRESHWATER,2.314051768,2.386910854,1.7629702,43.8160417399998,c,0.0310000000272409,-0.271999999905428,2.94099999992895,1814.1431853222
JJE243,FRESHWATER,2.0647311,2.106441435,1.687081309,109.9471725,c,0.0199999999929192,-0.202000000222037,3.97500000041922,5241.28206602787
JJE244,FRESHWATER,2.504276824,2.198994037,2.656474851,100.2833822,c,-0.129999999961189,0.059000000053228,3.69000000044115,3910.59763032014
JJE245,FRESHWATER,2.559981418,2.346676331,1.956192535,93.6908001199996,c,-0.0870000000541519,-0.269000000076379,3.60000000013423,3591.74140974173
JJE246,FRESHWATER,3.31679846500001,4.39294568099998,2.86051019800001,73.9212250600002,c,0.28100000011468,-0.14800000007272,3.10400000007368,2110.00361898684
JJE247,FRESHWATER,2.159766254,1.784253285,2.031958284,71.4501497299997,c,-0.191000000122532,-0.0610000001216438,3.49899999986541,3231.53972267777
JJE248,FRESHWATER,2.279600025,2.97427407299999,2.491786692,49.2544638500001,c,0.266000000201356,0.089000000205266,3.07300000011354,2020.88097055536
JJE249,FRESHWATER,3.02829574199999,3.81904350500001,2.94173634300001,71.2361204900002,c,0.23200000000969,-0.02900000001798,3.15800000013801,2229.09656569469
JJE250,FRESHWATER,1.858928042,2.801065835,2.927064372,102.616629399999,d,0.41000000002477,0.45399999986903,4.0109999994425,5312.06292034619
JJE251,FRESHWATER,3.75842504999999,3.81141305100001,2.96536462100001,153.853369099999,c,0.0139999999368199,-0.2370000000395,3.71200000016027,4013.25061618562
JJE252,FRESHWATER,3.25437420299999,7.470784398,2.630042485,105.530498900001,b,0.83100000002374,-0.212999999982306,3.47900000020355,3032.35092415095
JJE253,FRESHWATER,3.104957414,9.74739431900004,2.86623694399999,74.7388472100003,b,1.14399999996548,-0.0799999998945599,3.1809999999417,2100.83954990438
JJE254,FRESHWATER,2.288736686,2.123360553,2.316366977,63.94350761,c,-0.0749999996975071,0.0120000002539399,3.33000000012196,2699.85259309117
JJE255,FRESHWATER,4.825913291,4.09595540399999,6.67253601600002,96.1587046599999,c,-0.16400000000535,0.32399999997104,2.99200000003432,1869.41043261691
JJE256,FRESHWATER,5.165490168,4.74456617500001,6.25261639900002,63.1807710899997,c,-0.0849999998446501,0.19100000008179,2.50400000004482,1110.23497903984
JJE257,FRESHWATER,3.96299479199999,5.25405416199999,11.13396115,79.8380334100002,b,0.28199999987589,1.03300000039172,3.00300000001008,1701.06236389927
JJE258,FRESHWATER,6.507790515,8.45704650699999,219.4226986,199.9365368,h,0.26200000002215,3.51800000010721,3.42500000019844,-329.380881922883
JJE259,FRESHWATER,1.576,1.891,1.805,5.07199999999998,c,0.182215798240633,0.135670600349157,1.16884522569923,187.309644670049
JJE260,FRESHWATER,1.798,2.584,5.30899999999998,2.612,f,0.362663649870926,1.0827285575521,0.373441275364756,-193.715239154615
JJE261,FRESHWATER,2.218,2.406,2.744,9.474,c,0.081359728624312,0.212810820935465,1.45194531557339,294.950405770965
JJE268,FRESHWATER,10.744,9.34900000000001,28.186,47.1630000000002,b,-0.13907807351176,0.96447794154838,1.47926222765655,189.612807148177
JJE269,FRESHWATER,59.9519999999999,61.6110000000002,51.4220000000001,77.9620000000001,c,0.02729618397474,-0.15347814559854,0.2626772864406,41.5015345609817
JJE270,FRESHWATER,3.08999999999999,2.189,8.62599999999999,26.653,h,-0.344726272368924,1.026609807316,2.15473062372311,612.55663430421
JJE271,FRESHWATER,19.556,10.444,13.1109999999999,33.9999999999999,h,-0.62725449387952,-0.39983057219914,0.55307837989976,153.410717938229
JJE272,FRESHWATER,38.9,47.7000000000002,43.6000000000001,69.5000000000002,c,0.2039371472699,0.11406289973059,0.58033250194635,43.9588688946014
JJE273,FRESHWATER,16.4,21.3,19.3,26.2,g,0.26142573788523,0.16282376108069,0.468478075936899,12.195121951219
JJE274,FRESHWATER,16.9,18.7,19,58.8999999999999,c,0.10120990193151,0.11712535723741,1.24852746872851,225.443786982248
JJE275,FRESHWATER,19.2000000000001,22.2999999999999,20.9000000000001,68.8000000000002,c,0.14967639943233,0.0848388799370297,1.27629346590556,233.333333333333
JJE276,FRESHWATER,13.8,17.2999999999999,11.4999999999999,21.2000000000001,c,0.22603790934057,-0.18232155679396,0.42933258951481,44.9275362318854
JJE277,FRESHWATER,6.49999999999999,6.6,6.7,8.29999999999998,g,0.0152674721307899,0.0303053494953299,0.24445333790096,23.0769230769228
JJE278,FRESHWATER,13.9000000000001,15.3,13,18.9000000000001,g,0.0959639882617397,-0.0669394826751102,0.30727308192895,32.3741007194248
JJE279,FRESHWATER,8.09999999999998,9.40000000000002,9.40000000000002,13.4000000000001,g,0.14884562759757,0.14884562759757,0.50339064527848,33.3333333333334
JJE280,FRESHWATER,78.2000000000003,86.0999999999996,83.6000000000004,115.9,g,0.0962397638824103,0.0667738725393905,0.39345810279444,31.2020460358066
JJE281,FRESHWATER,27.5999999999999,30.5000000000001,27.5000000000001,32.1999999999999,g,0.0999109108902697,-0.00362976805056981,0.15415067982726,6.52173913043318
JJE282,FRESHWATER,8.70000000000002,8.00000000000003,8.20000000000002,10,g,-0.0838814839806998,-0.0591888713903298,0.13926206733351,28.735632183908
JJE283,FRESHWATER,12.8,19.4,17.0000000000001,20.8,a,0.41582789514371,0.28376817313065,0.4855078157817,-21.8750000000007
JJE284,FRESHWATER,11.8,11.9,12.1000000000001,14.9,g,0.0084388686458602,0.0251059211310799,0.23326168147979,22.8813559322029
JJE285,FRESHWATER,36.2999999999998,56.8999999999997,39.1,82.7000000000003,b,0.449477599861479,0.0743047257205198,0.823401860758849,63.3608815427013
JJE286,FRESHWATER,20.9999999999999,21.7999999999999,23.8,32.0000000000001,g,0.0373875320716198,0.12516314295401,0.42121346507631,35.2380952380958
JJE287,FRESHWATER,8.89999999999996,10,11.2999999999999,21.6999999999999,c,0.11653381625596,0.2387514489802,0.89126098380832,104.494382022471
JJE288,FRESHWATER,9.19999999999996,8.49999999999999,6.89999999999997,26.8,c,-0.0791373205587201,-0.28768207245178,1.06919840346182,223.913043478262
JJE289,FRESHWATER,48.6999999999998,50.9000000000002,57.1999999999999,78.2000000000003,c,0.0441838934679399,0.16087486829721,0.47359061746273,38.603696098563
JJE290,FRESHWATER,36.4000000000002,40.9000000000002,37.6,54.8999999999997,g,0.11656128840606,0.0324352757531501,0.41094457387278,35.1648351648342
JJE291,FRESHWATER,33.1000000000001,35.5999999999998,39.0000000000001,37.1,g,0.0728123554749601,0.16402836374663,0.11408368723037,-13.2930513595162
JJE292,FRESHWATER,23.1999999999999,23.2999999999999,34.6999999999999,36.5000000000001,a,0.00430108189938982,0.40258740828055,0.45315998191619,7.32758620689782
JJE293,FRESHWATER,80.5999999999998,94.8000000000004,120.600000000001,139.900000000001,a,0.1622707597484,0.402980634780509,0.55142923215886,6.32754342431706
JJE294,FRESHWATER,36,41.7000000000002,48.7999999999999,67.1999999999997,g,0.14698219034865,0.30421137440299,0.62415430907299,35.2777777777768
JJE295,FRESHWATER,34.9999999999999,44.1999999999999,32.7000000000001,68.6999999999997,c,0.23337672759424,-0.0679729835861998,0.67440113773889,76.5714285714277
JJE296,FRESHWATER,79.7000000000001,108,130.3,125.6,h,0.30386164132805,0.49156989833463,0.454832668237929,-41.4052697616058
JJE297,FRESHWATER,12.4,13.3,11.4999999999999,17.2,c,0.0700675626167201,-0.0753494372417898,0.32721291120842,38.7096774193553
JJE298,FRESHWATER,88.9000000000001,81.7000000000002,82.4000000000003,116.500000000001,c,-0.0844581406538998,-0.0759267056044299,0.270379130485901,46.4566929133859
JJE299,FRESHWATER,10.6,14.7,13,18.7,a,0.32699349266667,0.20409535634352,0.56766952274252,15.0943396226409
JJE300,FRESHWATER,15.9000000000001,16,17.2999999999999,18.4,g,0.00626961301358966,0.0843873922775396,0.14603155538875,6.28930817610154
JJE301,FRESHWATER,15.5,17.6999999999999,15.8,23.7000000000001,g,0.13272461565458,0.0191699161077201,0.42463502421589,36.7741935483882
JJE302,FRESHWATER,59,58.1000000000003,56.7000000000002,70.7000000000002,g,-0.0153717800478495,-0.0397632331720095,0.18090812899681,25.2542372881351
JJE303,FRESHWATER,57.1999999999999,59,52.3000000000001,66.5999999999998,g,0.0309835455199696,-0.08955752731487,0.15215067916059,21.853146853146
JJE304,FRESHWATER,22.4999999999999,30.1,22.3999999999999,36.8000000000002,g,0.29100986254446,-0.00445435034937953,0.49198253596452,30.222222222223
JJE305,FRESHWATER,32.3999999999999,38.5000000000001,35.2,56.7000000000002,c,0.17249981849546,0.0828876598057701,0.55961578793543,47.5308641975313
JJE306,FRESHWATER,26.1000000000001,38.8000000000001,30.1,57.4999999999997,b,0.39648493230058,0.14258985742618,0.78984963347465,56.3218390804586
JJE307,FRESHWATER,20.9000000000001,29.5999999999999,21.2000000000001,31.6000000000001,a,0.34802520235924,0.0142520227072001,0.4134079616221,8.1339712918673
JJE308,FRESHWATER,9.6,10.3,13.3,10.9,a,0.0703807967617998,0.32600093675392,0.12699969076131,-32.2916666666667
JJE309,FRESHWATER,24.4000000000001,48.1999999999998,30.9,55.2,a,0.68077588875739,0.23617305160454,0.81637982098389,2.04918032787024
JJE310,FRESHWATER,16.7999999999999,28.6000000000001,18.7,29.2000000000001,a,0.5320278314166,0.10714463745133,0.55278982286503,-7.73809523809533
JJE311,FRESHWATER,7.49999999999996,8.20000000000002,8.20000000000002,10.9,g,0.0892311337279503,0.0892311337279503,0.37385976869284,26.666666666666
JJE312,FRESHWATER,25.5,25.5,20,38.5000000000001,c,0,-0.24294617861039,0.41197978912936,72.5490196078435
JJE313,FRESHWATER,25,31.6999999999998,27.6999999999999,44.4999999999998,c,0.23744085601503,0.10255658832509,0.57661336430399,40.4000000000001
JJE314,FRESHWATER,23.5999999999999,27.1000000000001,23.1000000000001,26.8,g,0.1382870158541,-0.0214140945038101,0.12715517548525,0.847457627117365
JJE315,FRESHWATER,29.8,39.4000000000001,25.5,46.0000000000002,g,0.27925742279253,-0.15582994134698,0.43413300297774,36.5771812080543
JJE316,FRESHWATER,100.9,129.9,108.299999999999,127,g,0.25263499631699,0.0707752266473802,0.23005715909903,-10.2081268582751
JJE317,FRESHWATER,30.4000000000001,40.6000000000001,30.8,42.3999999999999,g,0.28932545819551,0.0130720815673501,0.33270575382573,4.60526315789432
JJE318,FRESHWATER,27.6999999999999,29.4999999999999,24.8000000000001,31.8,g,0.0629578501524799,-0.11058876002235,0.13803387659284,18.7725631768951
JJE319,FRESHWATER,13.2000000000001,14.1,11.8,18.5,c,0.0659579677917899,-0.11211729812071,0.33755390249195,43.9393939393945
JJE320,FRESHWATER,14.6,17.9999999999999,13.6,20.4,g,0.20935022918187,-0.0709517359722801,0.33451337213588,23.2876712328768
JJE321,FRESHWATER,57,90.4999999999999,76.1999999999999,114.300000000001,a,0.462298582871329,0.29031019485805,0.69577530296622,8.07017543859768
JJE322,FRESHWATER,17.5,19.8,27.5999999999999,27.2,a,0.12348105677102,0.45561489179363,0.44101609237248,-15.4285714285709
JJE323,FRESHWATER,21.1,25.5,27.8,34.6000000000001,g,0.18940541168236,0.27576298021457,0.49458064158166,11.3744075829388
JJE324,FRESHWATER,11.4999999999999,11.2999999999999,12.6,10.9,g,-0.0175443096509098,0.0913497785882301,-0.0535842461340997,-13.0434782608691
JJE325,FRESHWATER,53.8999999999999,57.1999999999999,61.4000000000002,58.6000000000002,g,0.0594234204708002,0.13027935723815,0.08360421866802,-11.317254174397
JJE326,FRESHWATER,0.524,0.72,0.615,1.51,c,0.317759527689059,0.160130583485476,1.05837324548793,133.396946564885
JJE327,FRESHWATER,4.33999999999998,7.20500000000003,5.46900000000002,20.3990000000001,b,0.50690088133918,0.23122143625233,1.54761153192852,277.99539170507
JJE328,FRESHWATER,5.43100000000001,12.5000000000001,5.43100000000001,16.034,b,0.83360536525555,0,1.08258818856805,65.0708893389787
JJE329,FRESHWATER,4.29599999999999,9.96599999999997,4.46699999999999,11.426,a,0.84149494265265,0.0390326851634199,0.97820710309571,30.0046554934827
JJE330,FRESHWATER,1,1.30645,1.17073,1.35484,g,0.267313535058684,0.157627485869186,0.303683366178721,-12.2339999999999
JJE331,FRESHWATER,1,0.91935,1.09756,1.06452,g,-0.0840883803822866,0.0930895341767281,0.0625239933383587,4.76099999999997
JJE332,FRESHWATER,1,1.01613,1.36585,1.37903,g,0.01600129372694,0.311776945455825,0.321380353469382,-0.294999999999934
JJE333,FRESHWATER,1,1.1371,1.4878,1.5,a,0.12848116164854,0.397298518775104,0.405465108108164,-12.4900000000001
JJE334,FRESHWATER,1,1.01613,0.97561,1.06452,g,0.01600129372694,-0.0246923625904028,0.0625239933383587,7.27799999999998
JJE335,FRESHWATER,1,1.08871,1.17073,1.79032,c,0.084993509129645,0.157627485869186,0.582394374824762,53.088
JJE336,FRESHWATER,1,0.99194,1.14634,1.18548,g,-0.00809265739745504,0.136574258409191,0.170147755862246,4.72000000000001
JJE337,FRESHWATER,1,0.99194,1.09756,1.1129,g,-0.00809265739745504,0.0930895341767281,0.106969220997242,2.33999999999996
JJE338,FRESHWATER,1,0.94355,1.2439,1.23387,g,-0.0581059214070324,0.218251605233782,0.210155571473366,4.64200000000003
JJE339,FRESHWATER,1,1.01613,1.5122,1.47581,a,0.01600129372694,0.413565544142032,0.389206991605078,-5.25199999999999
JJE340,FRESHWATER,1,1.1129,1.90244,3.31452000000001,b,0.106969220997242,0.643137272805665,1.19831281677373,129.918000000001
JJE341,FRESHWATER,1,1.04032,1.4878,1.8629,a,0.0395283581334034,0.397298518775104,0.622134413313526,33.4780000000001
JJE342,FRESHWATER,1,0.99194,1.46341,1.42742,a,-0.00809265739745504,0.380769328846112,0.355868618946091,-2.79299999999996
JJE343,FRESHWATER,1,1.01613,1.65854,1.57258,a,0.01600129372694,0.505937697293209,0.452717582702216,-10.2089999999999
JJE344,FRESHWATER,1,0.96774,1.26829,1.35484,g,-0.0327918228249908,0.237669536490267,0.303683366178721,11.881
JJE345,FRESHWATER,1,1.06452,1.21951,1.33065,g,0.0625239933383587,0.198449138722218,0.285667544652569,4.66200000000008
JJE346,FRESHWATER,1,0.99194,1.58537,1.93548,a,-0.00809265739745504,0.460817818572525,0.660355357734954,35.8169999999999
JJE347,FRESHWATER,1,1.01613,1.87805,2.05645,a,0.01600129372694,0.630234004499815,0.720981195239356,16.2269999999999
JJE348,FRESHWATER,1,0.99194,1.07317,1.25806,g,-0.00809265739745504,0.0706168853955391,0.229570851894467,19.295
JJE349,FRESHWATER,1,0.96774,1.43902,1.45161,a,-0.0327918228249908,0.3639623263493,0.372673285283174,4.48500000000007
JJE350,FRESHWATER,1,1.04032,1.17073,1.20968,g,0.0395283581334034,0.157627485869186,0.190355861822277,-0.136999999999876
JJE351,FRESHWATER,1,0.96774,1.36585,1.25806,g,-0.0327918228249908,0.311776945455825,0.229570851894467,-7.55299999999997
JJE352,FRESHWATER,1,0.96774,1.53659,2.80645,b,-0.0327918228249908,0.429565675555693,1.03192033945663,130.212
JJE353,FRESHWATER,1,0.99194,1.14634,1.16129,g,-0.00809265739745504,0.136574258409191,0.149531456193147,2.30099999999993
JJE354,FRESHWATER,1,1.01613,1.58537,2.27419,b,0.01600129372694,0.460817818572525,0.821623945048171,67.2689999999998
JJE355,FRESHWATER,1,0.99194,1.21951,1.28226,g,-0.00809265739745504,0.198449138722218,0.248624146048018,7.08100000000007
JJE356,FRESHWATER,1,0.96774,1.34146,1.91129,c,-0.0327918228249908,0.293758573070378,0.647778406753709,60.209
JJE357,FRESHWATER,1,1.1129,1.04878,2.78225999999999,c,0.106969220997242,0.0476275838728674,1.02326354707825,162.057999999999
JJE358,FRESHWATER,1,0.99194,1.09756,1.5,c,-0.00809265739745504,0.0930895341767281,0.405465108108164,41.0499999999999
JJE359,FRESHWATER,0.002,0.002,0.00700000000000003,0.0549999999999998,b,0,1.25276296849537,3.31418600467252,2399.99999999998
JJE360,FRESHWATER,0.0180000000000001,0.024,0.0189999999999999,0.0439999999999998,c,0.287682072451779,0.0540672212702695,0.89381787602209,105.555555555555
JJE361,FRESHWATER,0.00499999999999998,0.00399999999999999,0.00600000000000001,0.011,c,-0.22314355131421,0.18232155679396,0.78845736036427,119.999999999999
JTN003,TERRESTRIAL,327.666667,784.666665999996,404.333333000001,392.833333,h,0.87326216580614,0.21024278695519,0.181388600363189,-142.980670963396
JTN006,TERRESTRIAL,1530,1900,1600,2010,g,0.21658615076805,0.0447358938413896,0.27286698666664,2.6143790849675
JTN008,TERRESTRIAL,669.999999999999,460,399.999999999999,579.999999999997,h,-0.37605122290187,-0.51581316527703,-0.14424960884455,58.2089552238802
JTN010,TERRESTRIAL,899.999999999999,1300,699.999999999997,1200,a,0.36772478012532,-0.25131442828091,0.28768207245178,11.1111111111109
JTN011,TERRESTRIAL,20,174.999999999999,150.000000000001,750.000000000003,d,2.16905370036952,2.01490302054227,3.62434093297637,2225.00000000002
JTN015,FRESHWATER,2200.00000000001,1975,2099.99999999999,1924.99999999999,g,-0.10788896201119,-0.0465200156348997,-0.13353139262453,2.27272727272772
JTN017,TERRESTRIAL,12.1000000000001,23.4000000000001,12.6,25.2999999999999,a,0.65953056976096,0.04049136135473,0.73759894313077,11.5702479338832
JTN018,TERRESTRIAL,74.4891667000001,171.881333,137.7185,577.629500000002,d,0.83615061289833,0.61455804535762,2.04827895829248,459.8236882948
JTN019,TERRESTRIAL,430.000000000001,499.000000000001,353.999999999998,531.999999999998,g,0.14882088706391,-0.19448829555384,0.212858280654031,25.3488372093022
JTN022,TERRESTRIAL,136,220.999999999999,149,375.999999999998,b,0.4855078157817,0.0912914202094105,1.01693425765384,104.411764705882
JTN025,TERRESTRIAL,40.0000000000001,40.0000000000001,45,55,g,0,0.11778303565638,0.31845373111853,24.9999999999998
JTN027,TERRESTRIAL,4057.80052399998,3728.221464,4370.33128399998,3330.98539799999,g,-0.084709783322511,0.074197730968999,-0.19737290842745,-17.4914173775194
JTN032,TERRESTRIAL,237.526681199999,656.277076799999,302.214942899999,1117.08221300001,b,1.01630311388083,0.24085853661155,1.54819543891265,166.767317464632
JTN037,FRESHWATER,0.171,0.34,1.054,12.65,d,0.68728206110755,1.81868417259865,4.30374893765301,6682.4561403509
JTN044,TERRESTRIAL,409.999999999999,170,330.000000000001,540,h,-0.88035872264809,-0.21706450523782,0.27541197985997,109.756097560975
JTN045,TERRESTRIAL,1100,1510,1030,1980,c,0.31679947102251,-0.0657513775627799,0.58778666490212,49.090909090909
JTN047,TERRESTRIAL,1.4,2.9,1.4,3.50000000000001,b,0.728238500371217,0,0.916290731874157,42.857142857143
JTN049,TERRESTRIAL,68.5679999999999,75.2419999999997,118.956,132.068,a,0.0928836320884903,0.55092772324218,0.655490987859951,9.3892194609728
JTN050,TERRESTRIAL,299.000000000001,426.999999999998,407.000000000002,548.999999999999,a,0.35634043983793,0.30836961205191,0.607654868118839,4.68227424749177
JTN051,TERRESTRIAL,55,55,72.0000000000003,65.0000000000002,g,0,0.26933293378359,0.16705408466317,-12.7272727272729
JTN052,TERRESTRIAL,70.0000000000001,60,79.9999999999999,85.0000000000003,g,-0.15415067982726,0.13353139262452,0.19415601444096,21.4285714285721
JTN055,TERRESTRIAL,1400,1539.99999999999,1569.99999999999,1539.99999999999,g,0.0953101798043203,0.114603382739,0.0953101798043203,-12.1428571428567
JTN076,TERRESTRIAL,313.60666296,347.519699999998,369.882803900002,642.048170800003,c,0.10268181911125,0.16504667431316,0.71652379833971,75.9717053238731
JTN079,TERRESTRIAL,416.244137899999,426.396415700002,573.604420499998,416.244141799999,h,0.0240975087870997,0.320668037773309,9.3694997987548e-09,-40.2438235755397
JTN080,TERRESTRIAL,588.785391499997,733.645086700001,560.748032500001,574.7667134,g,0.21996362209334,-0.0487900917746299,-0.0240975138287496,-22.2221910035288
JTN081,TERRESTRIAL,413.5166134,525.581908500002,608.254296400002,948.715139799999,b,0.23980835475018,0.38589535401592,0.83041089357526,55.232496325139
JTN082,TERRESTRIAL,347.751577599999,555.5955379,424.529818900003,779.880835500001,b,0.46855221232479,0.19949388065726,0.80765276562671,42.4173650966631
JTN083,TERRESTRIAL,421.893052700002,386.6836927,447.175575600001,537.215405099998,g,-0.0871448249887399,0.0581994517738495,0.2416472885982,29.6874263983343
JTN084,TERRESTRIAL,732.030245099999,630.357381200003,867.6716199,1075.59301000001,c,-0.14953490125653,0.1699914934421,0.38480559412485,42.2925495322551
JTN085,TERRESTRIAL,445.081664099998,373.111857399998,485.099363799999,700.388357599998,c,-0.17637951968297,0.0860959636072299,0.4533771976112,64.5406952633886
JTN086,TERRESTRIAL,364.580961899999,469.355974499999,485.642246699998,870.463558699996,c,0.252612843528769,0.28672359045174,0.87027725135946,76.8131988956712
JTN087,TERRESTRIAL,130.6735287,185.011965500001,142.841467,224.765131099999,a,0.34771843606047,0.0890333276012596,0.54235392991881,21.1100347365136
JTN088,TERRESTRIAL,64.56449315,125.8387609,42.29026498,186.2410916,h,0.66733679403155,-0.42310770079071,1.05937740774084,128.052672353396
JTN089,TERRESTRIAL,391.545363100001,680.398088499998,396.856337199999,858.077376999996,b,0.55257667243524,0.0134729654576402,0.78459289969972,44.0225656192938
JTN090,TERRESTRIAL,187.4698394,434.9446444,185.924123500001,474.7768339,a,0.84160079279997,-0.00827932362657975,0.92922689432631,22.0717666011927
JTN091,TERRESTRIAL,493.801164000001,693.001717199999,581.8679447,891.330318099997,a,0.33889954297096,0.16411058870709,0.5905821520154,22.3291940640299
JTN104,TERRESTRIAL,2.357645585,1.849773959,2.061369474,2.11866784,g,-0.242600040294652,-0.13429293246719,-0.106875973781815,23.9717960831675
MEB025,MARINE,47.9,65.2000000000002,45.2000000000002,77.4999999999999,g,0.30834396451574,-0.0580184175786798,0.48116243194243,31.3152400835063
MEB055,MARINE,39.9671,185.226000000001,426.433000000002,314.822999999998,f,1.53352008545218,2.36739864630188,2.06395396046086,-642.700871466794
MEB056,MARINE,22.0807,56.1812999999998,89.6402000000003,85.7219,f,0.93388003751089,1.40109995627213,1.3564044117438,-172.181588446018
MEB080,MARINE,2.82422500000001,2.850753,2.122111,1.076139,h,0.00934917923127999,-0.285822642712106,-0.96485435512571,-37.9750196956682
MEB091,MARINE,2.8,9.09999999999996,2.3,127.799999999999,b,1.17865499634164,-0.196710294246056,3.82084712476227,4257.14285714283
MEB092,MARINE,113,160.000000000001,208,200.000000000001,f,0.34778599652149,0.61015026098898,0.5709295478357,-48.6725663716817
MEB094,MARINE,0.672156,2.08373,0.95447,5.64835000000001,d,1.13142437949925,0.35066575616446,2.12862828965231,488.325031689073
MEB097,MARINE,1,1.010699645,0.920296606,0.907207568,g,0.0106428088567046,-0.083059263071976,-0.0973840038917695,-2.37886829999998
MEB098,MARINE,1,1.040943005,1.845622627,1.880499573,a,0.040127037893829,0.612816687771912,0.631537471860959,-0.606605900000057
MEB099,MARINE,1,0.992815928,1.559972958,1.457075326,a,-0.00721000170713969,0.444668486495815,0.376431225258993,-9.57135600000001
MEB100,MARINE,1,0.992721488,1.07024072,1.305502105,g,-0.00730512960481628,0.0678835951340344,0.266587721564785,24.2539896999999
MEB101,MARINE,1,1.265707428,0.876070689,1.421173353,g,0.235631197488308,-0.132308496095949,0.351482835340773,27.9395235999999
MEB102,MARINE,1,0.992561118,1.059397097,1.076678877,g,-0.00746668846788611,0.0576999698942157,0.0738811893690214,2.4720662
MEB105,MARINE,31.0559999999999,37.7967000000002,32.9491000000001,151.385,c,0.19642977080059,0.0591719200365401,1.58403423437119,359.657393096342
MEB106,MARINE,13.15194417,22.1972183300001,13.16588833,22.7021250000001,a,0.52339738725397,0.00105967399137962,0.54588893911774,3.73300330090994
MEB107,MARINE,3.22853999999999,17.3925,1.34812,21.5583000000001,h,1.68400905615339,-0.873318993362755,1.89873087054802,187.274123907403
MEB108,MARINE,3.54667,6.53333,2.98667000000001,7.27999999999997,a,0.61090763226958,-0.17185008070503,0.71912172711402,36.8421646220243
MEB109,MARINE,1.36458,3.69791999999999,1.36458,6.32292,b,0.99692381043338,0,1.53333443779215,192.366882117576
MEB110,MARINE,2.74428000000001,9.61122999999996,4.68399,11.0769,e,1.25341346099314,0.53463156533162,1.3953431133048,-17.2737475767763
MEB111,MARINE,2.92305000000001,80.5336000000003,4.46114000000001,100.236,d,3.31604689694923,0.42277674705553,3.53489981386565,621.416328834597
MEB118,MARINE,1,0.960526,1,0.973684,g,-0.0402742279051173,0,-0.0266684632984009,1.3158
MEB119,MARINE,1.0125,1.425,0.975,1.3875,a,0.341749293722057,-0.037740327982847,0.315081046639895,-8.77213254024815e-14
MEB120,MARINE,0.975,1.875,1.29375,1.29375,h,0.653926467406664,0.282862786015832,0.282862786015832,-92.3076923076923
MEB121,MARINE,7.78341999999997,13.1652,7.56574999999997,27.8777000000001,b,0.52558115434087,-0.0283643471823401,1.27583125578767,191.82017673465
MEB122,MARINE,13,51.0000000000002,14,482.999999999999,b,1.36687627526279,0.0741079721537202,3.61506729619103,3315.38461538459
MEB123,MARINE,23,209,50.0000000000002,410.999999999998,d,2.20684003603566,0.776528789499,2.88309899856708,760.869565217382
MEB124,MARINE,34.9999999999999,111.999999999999,47.0000000000001,409.999999999999,b,1.16315080980568,0.29479954022065,2.46080909820894,817.142857142857
MEB125,MARINE,56,326.999999999999,52.0000000000001,459.000000000002,b,1.7646084801621,-0.0741079721537193,2.1036985193254,242.857142857148
MEB126,MARINE,12,195.000000000001,20.9999999999999,247.999999999999,d,2.78809290877575,0.55961578793542,3.02852209637698,366.666666666656
MEB170,MARINE,0.262272999999999,0.177625,0.0417491000000001,1.58417,h,-0.38971135958737,-1.83770805182635,1.79842994384333,620.372245713437
MEB177,MARINE,0.230379,0.242103,0.375599,4.35999999999999,b,0.0496374766066,0.48879630608938,2.94050155750871,1724.40934286545
MEB178,MARINE,4.98343999999999,8.25650999999998,5.71230000000002,8.25650999999998,a,0.50488156446535,0.13650132904473,0.50488156446535,-14.6256401200784
MEB179,MARINE,4.20912000000001,7.96300999999999,4.72122000000001,7.81595000000003,a,0.63755346936561,0.11481364105792,0.61891291786892,-15.6602805336973
MEB180,MARINE,6.02189999999998,9.96349999999998,7.18977999999997,16.86131,b,0.50352559134765,0.17725774906912,1.02961882410761,95.1515302479296
MEB181,MARINE,6.13294999999998,12.79888,10.93231,23.9954000000001,d,0.7356817931036,0.57804675078687,1.36418627131726,104.308040991694
MEB182,MARINE,11.5445,11.3405,12.3626,12.4646,g,-0.0178287440385695,0.06846665281796,0.0766834935321304,2.65061284594471
MEB183,MARINE,6.70243,6.97485999999998,7.23718999999999,7.84384000000003,g,0.0398421086121899,0.07676286230279,0.15725836316061,4.98654965437999
MEB184,MARINE,20.0009,18.1388000000001,21.0166,21.8630999999999,g,-0.09772398219262,0.0495353291106201,0.0890230116804699,13.5423905924226
MEB185,MARINE,15.6303,17.3109000000001,16.6387000000001,18.1513,g,0.10212502279697,0.0625199692339996,0.14953084538309,-1.0748354158279
MEB187,MARINE,22.4552,18.4828,18.4828,17.6551999999999,g,-0.19468164331454,-0.19468164331454,-0.24049185565052,14.0047739499092
MEB188,MARINE,0.863495,1.23348,0.933492,1.26348,a,0.356606614630818,0.0779442858648099,0.380636990474655,-4.63198976253487
MEB189,MARINE,1.93289,3.02013000000001,2.09396,5.67784999999997,b,0.446283584574131,0.0800407178253439,1.07755634770529,129.166688223332
MEB190,MARINE,4.22819,4.55034,4.59059999999998,5.87919,g,0.0734279499423002,0.0822367289802301,0.3296449918159,22.8570617687479
MEB191,MARINE,15.6303,17.3109000000001,16.6387000000001,18.1513,g,0.10212502279697,0.0625199692339996,0.14953084538309,-1.0748354158279
MEB192,MARINE,1.49351,3.05979000000001,1.49351,2.8598,a,0.717217231825443,0,0.649622637983713,-13.3906033438012
MEB193,MARINE,4.46282999999998,6.67955999999999,4.86608000000001,9.16738000000003,b,0.40326902316422,0.0865055908830397,0.71986843720711,46.7095990660641
MEB194,MARINE,4.06325000000001,6.66093,4.10653,11.852,b,0.49427596844208,0.01059524366157,1.07051348371017,126.691441580016
MEB195,MARINE,4.14978000000002,6.95443000000002,5.41300999999999,12.5624999999999,b,0.5163235457999,0.2657499944283,1.10766086503006,104.700490146464
MEB196,MARINE,2.97687,3.99313999999998,3.90900999999999,13.9272,c,0.29370547586593,0.27241173204868,1.54297134960448,302.395469066503
MEB197,MARINE,2,2,2,12,c,0,0,1.79175946922805,500
MEB198,MARINE,0.25,0.25,0.25,5.99999999999997,c,0,0,3.17805383034794,2299.99999999999
MEB199,MARINE,10.7,7.95600000000003,10.225,48.8670000000001,c,-0.29631738047613,-0.04540803953899,1.51885858057572,386.785046728973
MEB200,MARINE,3.28600000000001,3.25299999999999,13.013,59.7260000000002,b,-0.0100933721238698,1.37627783817954,2.90009641686391,1422.58064516129
MEB201,MARINE,2.82699999999999,2.78899999999999,27.8900000000001,132.134,b,-0.0135329700661001,2.28905212292795,3.84460048047222,3688.78669968164
MEB202,MARINE,3.71799999999999,3.25299999999999,4.648,83.3330000000003,c,-0.13360824180804,0.22325113025036,3.10965873988689,2128.83270575579
MEB203,MARINE,1.039,0.93,7.90100000000003,61.5630000000002,b,-0.110829404951926,2.02873062162351,4.08180232860965,5175.26467757461
MEB204,MARINE,2.78899999999999,4.671,19.0549999999999,88.7029999999996,d,0.51569007287462,1.92164642568047,3.45961060196971,2429.75977052706
MEB205,MARINE,13.4780000000001,13.486,17.6609999999999,228.045,c,0.000593383788360006,0.2703000921902,2.82848425137688,1560.88440421427
MEB206,MARINE,2.324,2.37,2.82699999999999,32.5779999999999,c,0.0196001161573749,0.195926239721785,2.64034737494574,1278.18416523235
MEB207,MARINE,6.52300000000001,6.05999999999998,52.9919999999998,47.057,h,-0.0736245927327402,2.09480656594883,1.97602524004695,-83.8877816955351
MEB208,MARINE,7.95600000000003,6.50700000000002,7.49400000000003,103.179,c,-0.20104784047888,-0.0598236606202297,2.56253898297707,1220.8898944193
MEB209,MARINE,2.324,2.37,5.13400000000001,54.3270000000003,b,0.0196001161573749,0.792595243459285,3.15173150193765,2114.75903614459
MEB210,MARINE,1.916,5.13400000000001,5.57700000000002,57.9449999999998,d,0.985645402900281,1.06841131785875,3.40925460523768,2565.24008350729
MEB211,MARINE,8.84300000000002,8.84300000000002,13.013,128.515,b,0,0.38632267220102,2.67641944344659,1306.1404500735
MEB212,MARINE,6.03623,7.51692999999999,11.3935,3.66868,h,0.21937816504161,0.63526337246528,-0.49794772054064,-152.504460565617
MEB213,MARINE,16.2116,20.7558,28.786,4.6103,h,0.24709869031109,0.57416212246047,-1.25743410456689,-177.156480544795
MEB214,MARINE,0.209871999999999,0.334757000000001,0.811915,1.14051,d,0.46690707440757,1.35289783380662,1.69273298869739,97.0639246778987
MEB215,MARINE,0.417957,0.549226,0.680494,6.65634,b,0.273131457941208,0.487440448586567,2.76794650650739,1398.36801393445
MEB216,MARINE,55.5379999999999,47.5537,33.8605000000001,12.7698,h,-0.15520787235471,-0.49481832786513,-1.46998446293277,-23.5989772768198
MEB217,MARINE,43.8848999999998,22.3022000000001,24.1007000000001,7.55396000000001,h,-0.67688496905002,-0.59932941164061,-1.75949836829015,11.4753821929633
MEB218,MARINE,15.297,12.4269,26.5787000000001,26.0883000000001,a,-0.2077932529441,0.55245341239379,0.53383020721979,15.5566450938095
MEB219,MARINE,18.0712,17.625,33.9045999999999,27.4787,a,-0.0250011621126001,0.62923118758532,0.41909164829174,-33.0896675372962
WSH001,TERRESTRIAL,245.000000000001,309.000000000001,240.999999999999,317,g,0.23208306635302,-0.0164612770540798,0.25764356333255,4.89795918367359
WSH012,TERRESTRIAL,290,428.000000000001,310,659.000000000002,b,0.389242272601281,0.0666913744986709,0.82084261152199,72.7586206896554
WSH013,TERRESTRIAL,495,692,530.000000000001,740.000000000003,a,0.33502819304898,0.0683192439774797,0.402092423629529,2.6262626262629
WSH015,TERRESTRIAL,599,699.999999999997,483.999999999999,1392.00000000001,c,0.15581873692795,-0.21317669139882,0.84323524277892,134.724540901504
WSH019,TERRESTRIAL,409.999999999999,679.999999999999,341.999999999998,534.999999999996,a,0.5059356384718,-0.18134642263575,0.26610958719765,-18.7804878048785
WSH032,TERRESTRIAL,161.4,191,355.099999999999,664.4,b,0.168387672210779,0.788513684113189,1.41499862190329,173.296158612144
WSH037,TERRESTRIAL,2003.16786086999,2371.66940244,2619.00891240001,2563.49763900001,g,0.16886423849642,0.26806611059786,0.2466427333346,-21.1671135131858
WSH042,TERRESTRIAL,170.68,293.67,843.360000000003,544.669999999999,f,0.542666229621649,1.5976034547871,1.16038964836435,-247.058823529414
WSH043,TERRESTRIAL,438.103999999999,494.726999999998,541.039000000001,678.571999999999,g,0.12154977016304,0.21103503985909,0.437534264964571,18.4682175921697
WSH044,TERRESTRIAL,592.518000000002,389.026999999999,350.124999999999,646.384,h,-0.42073250234454,-0.5260910187144,0.0870125021306204,84.3434292291545
WSH045,TERRESTRIAL,448.878000000001,356.110000000001,221.445999999999,475.810999999998,h,-0.23151146401014,-0.70657236846107,0.0582695806601398,77.3334848221563
WSH046,TERRESTRIAL,565.586000000001,457.855000000001,311.222,529.676,h,-0.21130982169947,-0.59735587790784,-0.0655968629420399,57.6720428016252
WSH047,TERRESTRIAL,682.294000000002,356.110000000001,341.146999999999,439.899999999998,h,-0.65022097810811,-0.69314718055995,-0.43891322164232,62.2806297578462
WSH048,TERRESTRIAL,781.047999999999,400.998,383.042000000001,796.009999999999,h,-0.66668016785525,-0.71249196387543,0.0189751409613301,101.532556257746
WSH049,TERRESTRIAL,1430.424,739.152000000002,760.100000000004,1068.329,h,-0.66022259964781,-0.632276179229979,-0.29187515828579,69.8744568044156
WSH053,TERRESTRIAL,260.274,420.091000000001,630.136999999999,1013.699,d,0.47873643221191,0.88420233379863,1.35962637363937,85.9651751615592
