Old_1	Old_1	FluoOptima	09/12/2013 12:06:30
0.3026	0.3801	0.3099	0.3146	0.3129	0.3114	0.3451	0.3268	0.3486	0.3149	0.3118	0.3084
0.3098	1.3995	1.4423	0.899	0.6974	1.0823	0.5032	0.4943	0.8644	0.4951	0.4774	0.3062
0.3009	1.2099	1.086	1.0875	0.4461	0.4677	0.4149	0.4854	0.4112	0.4267	0.4293	0.2973
0.3576	1.0026	1.1354	0.5907	0.7402	0.8636	0.3841	0.3783	0.3683	0.3693	0.3792	0.3013
0.3276	0.7954	0.7356	0.776	0.6798	0.3357	0.3426	0.3423	0.3462	0.3456	0.3119	0.3028
0.3681	0.5844	0.5969	0.7519	0.5853	0.412	0.353	0.3275	0.3098	0.3133	0.3734	0.3184
0.3543	0.4774	0.5011	0.4698	0.4882	0.3079	0.3055	0.3029	0.3624	0.2953	0.2988	0.3152
0.3707	0.3173	0.3301	0.3449	0.3623	0.3519	0.3075	0.3125	0.3089	0.3108	0.3166	0.3171

Old_2	Old_2	FluoOptima	09/12/2013 12:15:42
0.3069	0.3922	0.3287	0.3606	0.3548	0.3111	0.3337	0.3088	0.3193	0.315	0.3077	0.3048
0.3114	1.65	1.3436	0.9368	0.4783	0.4599	0.4596	0.4517	0.461	0.454	0.4651	0.3551
0.3123	1.237	1.0416	0.8792	0.7867	0.4152	0.4598	0.4622	0.4346	0.4061	0.4556	0.359
0.3115	0.9977	0.9114	0.8458	0.6223	0.4138	0.4171	0.4365	0.4184	0.3797	0.3672	0.3175
0.3463	0.7575	0.7542	0.7358	0.6722	0.3496	0.3462	0.3508	0.3565	0.326	0.3228	0.3016
0.318	0.6176	0.6422	0.5937	0.5522	0.322	0.3122	0.3075	0.3727	0.3664	0.3089	0.2987
0.3236	0.3684	0.5031	0.3462	0.4555	0.3102	0.3168	0.2959	0.3036	0.3005	0.3572	0.3139
0.3672	0.3248	0.3171	0.3326	0.3656	0.317	0.3522	0.3414	0.3077	0.3063	0.3414	0.3023

Old_3	Old_3	FluoOptima	09/12/2013 12:24:55
0.3174	0.3202	0.318	0.3824	0.3224	0.317	0.3386	0.3181	0.3191	0.3116	0.3106	0.3022
0.3206	1.5521	1.2564	0.4708	0.4786	0.4868	0.4897	0.4827	0.5087	0.4976	0.4781	0.3223
0.3143	1.176	1.0146	0.8003	0.417	0.4141	0.4247	0.4151	0.4254	0.4113	0.4434	0.3061
0.3171	0.8782	0.9856	0.8668	0.4952	0.3995	0.3453	0.3439	0.3451	0.3508	0.348	0.3085
0.3337	0.7627	0.7774	0.8323	0.7077	0.3189	0.3596	0.3458	0.3414	0.321	0.3538	0.3038
0.3742	0.6567	0.5511	0.6078	0.5948	0.3293	0.3496	0.2999	0.3106	0.3115	0.3136	0.3011
0.3113	0.4918	0.3204	0.3106	0.3156	0.2936	0.3053	0.3024	0.3062	0.3027	0.2977	0.3069
0.321	0.3189	0.3646	0.3209	0.3148	0.3155	0.3802	0.3128	0.3158	0.3118	0.3113	0.3075

Old_4	Old_4	FluoOptima	09/12/2013 12:34:07
0.3141	0.378	0.3537	0.3795	0.314	0.3432	0.363	0.3137	0.3663	0.3185	0.3387	0.3542
0.313	1.3521	0.8368	0.5281	0.4971	0.4953	0.4785	0.4595	0.4824	0.4762	0.4715	0.3069
0.3386	1.4404	0.6893	0.8778	0.443	0.427	0.4126	0.4714	0.4386	0.4268	0.4294	0.3401
0.3062	1.0057	1.1071	0.9101	0.4015	0.3711	0.3739	0.3678	0.4222	0.354	0.3713	0.2984
0.3562	0.7264	0.7388	0.6986	0.3977	0.5729	0.3352	0.331	0.3299	0.3291	0.3233	0.2965
0.357	0.5739	0.6199	0.5658	0.5626	0.3589	0.306	0.3143	0.3087	0.3098	0.3643	0.3197
0.3136	0.5111	0.4572	0.5115	0.4593	0.3078	0.3093	0.3275	0.3026	0.3776	0.3641	0.3109
0.357	0.317	0.314	0.312	0.3666	0.3106	0.3334	0.35	0.3077	0.3102	0.3229	0.3036

Old_5	Old_5	FluoOptima	09/12/2013 12:43:23
0.307	0.3672	0.34	0.3635	0.3148	0.3129	0.3195	0.3366	0.3115	0.3083	0.3042	0.3159
0.3083	0.9355	1.1177	0.9973	0.4689	0.5071	0.4379	0.4453	0.4497	0.4282	0.4335	0.3264
0.3169	0.7584	1.384	0.6146	0.5419	0.9157	0.3983	0.3907	0.418	0.3827	0.3998	0.3219
0.2992	0.8734	0.9191	0.3251	0.3501	0.3684	0.3431	0.3297	0.3339	0.3292	0.3438	0.2937
0.3524	0.6639	0.6944	0.6575	0.6459	0.3014	0.3719	0.3502	0.3177	0.3179	0.3046	0.3476
0.3642	0.6381	0.5292	0.7002	0.731	0.3028	0.307	0.3012	0.3122	0.3051	0.3017	0.2963
0.3588	0.4524	0.4816	0.3422	0.5139	0.2963	0.2972	0.3157	0.2978	0.2886	0.3413	0.2993
0.3453	0.3118	0.356	0.3109	0.3078	0.3063	0.3311	0.3033	0.357	0.3584	0.3511	0.3028

Old_6	Old_6	FluoOptima	09/12/2013 12:52:40
0.3031	0.3715	0.3587	0.3697	0.3116	0.3167	0.3093	0.3505	0.3078	0.3152	0.312	0.3111
0.3162	0.4809	0.5273	0.7199	0.4911	0.4861	0.4858	0.4677	0.4863	0.4735	0.4902	0.3098
0.3358	1.4455	0.369	0.3609	0.493	0.477	0.4124	0.4055	0.4237	0.4148	0.4401	0.3258
0.32	0.6121	1.0334	0.3771	0.5712	0.3338	0.3867	0.377	0.3912	0.3387	0.3575	0.3109
0.3615	0.3172	0.6919	0.5246	0.442	0.31	0.3156	0.3576	0.3516	0.3161	0.362	0.2972
0.3039	0.3154	0.5155	0.4606	0.3271	0.3004	0.2882	0.3064	0.3578	0.3341	0.3421	0.3028
0.3116	0.3258	0.519	0.3188	0.3234	0.3539	0.3015	0.3113	0.3403	0.2977	0.3019	0.3306
0.305	0.3092	0.3163	0.309	0.363	0.3671	0.3635	0.3087	0.3318	0.3503	0.3466	0.3125

Old_7	Old_7	FluoOptima	09/12/2013 13:01:56
0.3111	0.3717	0.342	0.3695	0.3679	0.3116	0.3366	0.3424	0.3545	0.3643	0.3074	0.3198
0.3102	1.5823	1.2015	0.5957	1.3681	0.6795	0.4603	0.463	0.475	0.4505	0.4642	0.3171
0.3171	1.1041	1.1554	0.6227	1.1896	1.1568	0.4096	0.3962	0.4146	0.4042	0.4537	0.3555
0.3046	0.9794	0.8944	0.7485	0.6803	0.6032	1.5387	0.3759	0.3529	0.3471	0.3742	0.3227
0.3543	0.6599	0.678	1.0936	0.6841	0.634	0.6854	0.4436	0.3085	0.3141	0.3117	0.3025
0.3653	0.576	0.5831	0.5709	0.6297	0.4461	0.3161	0.3044	0.3124	0.313	0.3028	0.3052
0.3603	0.4835	0.4597	0.459	0.4957	0.3022	0.316	0.2962	0.2974	0.3617	0.2958	0.3341
0.3584	0.3268	0.3077	0.312	0.3744	0.365	0.3643	0.311	0.3277	0.3079	0.3036	0.3041

Old_8	Old_8	FluoOptima	09/12/2013 13:11:13
0.3088	0.3763	0.3188	0.3198	0.3787	0.3143	0.3168	0.317	0.3215	0.3415	0.3095	0.3409
0.3092	1.487	1.1602	1.1327	0.7231	0.6194	0.4909	0.4577	0.471	0.468	0.4583	0.309
0.337	1.0206	1.0698	0.9144	0.7613	0.4242	0.4568	0.4083	0.4435	0.4175	0.424	0.2993
0.3157	1.0237	0.9547	0.7393	0.7308	0.3549	0.3717	0.4332	0.4129	0.3464	0.3491	0.3023
0.3037	0.6442	0.639	0.6399	0.6133	0.6795	0.3976	0.3207	0.3711	0.3117	0.3188	0.3405
0.3039	0.5762	0.601	0.5925	0.5498	0.4979	0.3145	0.3004	0.3556	0.3522	0.3048	0.2984
0.3626	0.3331	0.3184	0.3149	0.3218	0.3145	0.2968	0.3251	0.3591	0.3476	0.2956	0.3199
0.3573	0.3106	0.3531	0.3214	0.3603	0.3089	0.364	0.3326	0.3621	0.3642	0.3037	0.3464

Old_9	Old_9	FluoOptima	09/12/2013 13:20:29
0.297	0.3086	0.3066	0.3515	0.3089	0.308	0.3344	0.3101	0.3134	0.3192	0.3101	0.3219
0.304	1.5951	1.2816	1.2013	0.4367	0.4501	0.424	0.4211	0.4342	0.4333	0.4308	0.3451
0.2967	1.0748	1.0906	0.8875	0.827	0.3904	0.4005	0.377	0.4214	0.3905	0.3838	0.3208
0.3035	0.8695	0.9519	0.7717	0.7614	0.5693	0.3825	0.3523	0.3533	0.353	0.3375	0.2982
0.2963	0.319	0.6729	0.6582	0.6648	0.3228	0.3313	0.3675	0.3118	0.3133	0.31	0.298
0.3399	0.3138	0.5312	0.4955	0.5627	0.3065	0.3002	0.3595	0.3007	0.299	0.3442	0.2977
0.3033	0.3175	0.3366	0.3238	0.3068	0.339	0.3186	0.3208	0.3001	0.3492	0.2918	0.2999
0.2997	0.302	0.3266	0.3101	0.3067	0.3031	0.3052	0.3062	0.3318	0.3043	0.2997	0.3125

Old_10	Old_10	FluoOptima	09/12/2013 13:29:44
0.3183	0.3668	0.3278	0.3108	0.3079	0.3281	0.3515	0.3061	0.3112	0.3141	0.3049	0.3039
0.3065	1.642	1.4362	1.142	0.9691	1.3782	0.4566	0.459	0.4564	0.4416	0.4673	0.3132
0.3057	1.479	0.9991	1.1166	1.3332	0.7898	0.4056	0.3917	0.403	0.3918	0.4034	0.3019
0.3026	0.8352	1.091	0.8827	0.7303	0.675	0.7027	0.3421	0.3793	0.3459	0.3528	0.2986
0.3445	0.7249	0.6066	0.5446	0.6803	0.5668	0.334	0.3358	0.3136	0.3096	0.3182	0.362
0.3584	0.606	0.5823	0.5602	0.6029	0.5392	0.5125	0.3513	0.3162	0.3015	0.3536	0.298
0.3027	0.4987	0.4991	0.4845	0.4658	0.3157	0.3252	0.3028	0.3501	0.295	0.2951	0.3009
0.3046	0.3144	0.3169	0.3084	0.3465	0.3469	0.3507	0.3116	0.3068	0.3329	0.3032	0.3399

Old_11	Old_11	FluoOptima	09/12/2013 13:39:03
0.3141	0.3183	0.3139	0.3688	0.3154	0.3123	0.3127	0.36	0.3147	0.3099	0.3095	0.3025
0.3117	1.4551	1.1295	1.051	0.4734	0.524	0.462	0.476	0.4828	0.4462	0.4607	0.3048
0.306	1.4071	0.803	1.1706	0.8005	0.9837	0.9573	0.4147	0.4095	0.4071	0.4159	0.3404
0.3082	1.0018	1.1031	0.7013	0.5971	0.8661	0.6237	0.4023	0.3485	0.3525	0.3754	0.3563
0.3435	0.6928	0.705	0.8634	0.6713	0.333	0.3452	0.3229	0.3248	0.327	0.3172	0.3036
0.3545	0.5695	0.5849	0.585	0.5409	0.532	0.5161	0.3356	0.3535	0.3076	0.3072	0.3035
0.3049	0.4923	0.5013	0.4639	0.5011	0.3009	0.3051	0.3126	0.3046	0.3005	0.2955	0.3436
0.3031	0.3462	0.3644	0.3245	0.3115	0.3134	0.3696	0.3137	0.322	0.3176	0.3168	0.3648

Old_12	Old_12	FluoOptima	09/12/2013 13:48:20
0.3085	0.3205	0.3174	0.3667	0.3176	0.3153	0.3388	0.3162	0.3188	0.3122	0.3112	0.3029
0.3209	1.6195	1.4699	1.211	0.4802	0.4836	0.4953	0.4878	0.4876	0.462	0.4603	0.3401
0.3374	1.3975	1.5207	1.123	0.3774	0.4662	0.4459	0.4177	0.4317	0.4228	0.4263	0.3025
0.3238	1.129	1.074	1.0065	0.8182	0.3352	0.4135	0.4004	0.3494	0.3548	0.3441	0.3042
0.3126	0.715	0.7117	0.7057	0.3815	0.3499	0.3591	0.3285	0.3418	0.3027	0.3232	0.3018
0.3539	0.6191	0.6172	0.6036	0.3218	0.3393	0.3041	0.3123	0.3583	0.3108	0.3384	0.3049
0.3029	0.4974	0.4016	0.4092	0.4114	0.3507	0.3057	0.3076	0.305	0.3025	0.3042	0.3514
0.3032	0.3153	0.3609	0.3141	0.3159	0.3619	0.3252	0.3144	0.3161	0.3151	0.3121	0.3254

Old_13	Old_13	FluoOptima	09/12/2013 13:57:41
0.3002	0.3031	0.3247	0.3111	0.3111	0.31	0.3065	0.3162	0.3119	0.3098	0.306	0.3102
0.2997	1.3002	0.7252	0.7327	0.799	1.4089	0.9749	1.0886	0.9008	0.9193	0.4939	0.3067
0.3196	1.1932	1.2383	1.2352	0.6387	0.512	1.2508	0.5414	0.5613	0.4757	0.4225	0.2962
0.3048	0.8634	1.001	0.9774	1.1105	0.7845	0.5292	0.9285	1.1214	0.4968	0.3391	0.294
0.2922	0.6803	0.855	0.7942	0.6707	0.5159	0.4751	0.4625	0.494	0.3415	0.4681	0.3368
0.2934	0.5725	0.6057	0.6509	0.6788	0.5137	0.5812	0.4496	0.4644	0.4523	0.3106	0.3175
0.3507	0.4612	0.4897	0.4988	0.5928	0.4906	0.3384	0.3051	0.3058	0.2958	0.2979	0.3042
0.3342	0.3013	0.3112	0.307	0.3058	0.3283	0.312	0.3067	0.3574	0.3091	0.2977	0.2979

Old_14	Old_14	FluoOptima	09/12/2013 14:07:01
0.3092	0.3391	0.3658	0.3522	0.3233	0.3117	0.3116	0.3223	0.3443	0.3163	0.3089	0.3054
0.3094	1.5018	1.4979	0.9394	0.6291	0.7941	0.4846	0.462	0.4758	0.4608	0.4761	0.3473
0.3183	1.1479	1.1193	0.8735	0.6519	0.7693	0.5282	0.4328	0.4395	0.3962	0.4097	0.3019
0.3005	0.9109	1.2338	0.848	0.7432	0.6316	0.6905	0.354	0.3522	0.3477	0.3488	0.3054
0.3337	0.7324	0.6655	0.7019	0.7064	0.4989	0.5149	0.44	0.3244	0.3134	0.3284	0.3018
0.3339	0.6062	0.593	0.5711	0.5897	0.5144	0.5007	0.483	0.3226	0.3104	0.3285	0.2986
0.3504	0.4975	0.4834	0.4776	0.4626	0.3593	0.3209	0.3042	0.3438	0.3166	0.3109	0.3
0.304	0.3135	0.321	0.3146	0.3558	0.3618	0.3601	0.3343	0.3082	0.3095	0.3077	0.3428

Old_15	Old_15	FluoOptima	09/12/2013 14:16:21
0.3038	0.3336	0.3242	0.3092	0.3088	0.3054	0.3049	0.3069	0.3453	0.3034	0.3106	0.2995
0.3081	1.6246	1.1796	0.8147	1.234	0.4534	0.4358	0.4351	0.4462	0.4255	0.4204	0.3016
0.331	1.2566	1.0641	0.9018	1.2045	0.4024	0.3999	0.3882	0.3972	0.383	0.3861	0.2938
0.3065	1.0085	1.0394	0.8802	0.803	0.4798	0.3425	0.349	0.3248	0.321	0.3362	0.295
0.345	0.7689	0.7395	0.74	0.7124	0.4183	0.3275	0.2949	0.3304	0.3499	0.3078	0.2926
0.3429	0.5932	0.5934	0.5699	0.5761	0.5038	0.3167	0.3107	0.3005	0.2913	0.2972	0.312
0.3004	0.4222	0.3509	0.4168	0.4104	0.3042	0.2921	0.3218	0.2886	0.2908	0.2826	0.3279
0.3014	0.3313	0.3518	0.3136	0.3074	0.3069	0.3013	0.306	0.3074	0.3368	0.2992	0.3218

Old_16	Old_16	FluoOptima	09/12/2013 14:25:40
0.3054	0.3617	0.3163	0.3118	0.3496	0.31	0.321	0.3294	0.3531	0.3144	0.3066	0.305
0.3119	1.3893	0.715	0.8452	0.5461	0.4568	0.4808	0.4664	0.4759	0.4389	0.4405	0.3451
0.3434	1.3585	0.7658	0.6032	0.5295	0.4078	0.4506	0.4021	0.412	0.4003	0.4018	0.2967
0.3055	1.1455	0.9407	0.8448	0.5622	0.3889	0.3442	0.3442	0.3831	0.3651	0.3313	0.2978
0.3439	0.7231	0.7059	0.6718	0.6173	0.3188	0.4046	0.3235	0.3266	0.3326	0.3158	0.2976
0.3442	0.575	0.5755	0.5588	0.5948	0.3099	0.3591	0.3043	0.3076	0.3757	0.303	0.3291
0.3025	0.4835	0.4792	0.4512	0.4895	0.3572	0.288	0.2966	0.3571	0.2936	0.3127	0.2968
0.3074	0.3473	0.3049	0.321	0.3602	0.3558	0.3424	0.3155	0.3484	0.3298	0.3391	0.3322

Old_17	Old_17	FluoOptima	09/12/2013 14:35:01
0.3106	0.3216	0.3191	0.319	0.3357	0.3183	0.3285	0.317	0.3162	0.3102	0.3076	0.2969
0.3089	0.7903	0.7935	0.6038	0.5374	0.4512	0.4619	0.4468	0.4436	0.4361	0.4453	0.3019
0.3133	1.1755	0.7817	0.5732	0.5082	0.3906	0.3927	0.3818	0.4132	0.3681	0.4069	0.2982
0.3114	1.214	0.9668	0.9704	0.5028	0.3586	0.3611	0.3475	0.3522	0.3457	0.3375	0.3161
0.3105	0.7293	0.8141	0.8522	0.5136	0.3179	0.3174	0.3162	0.3229	0.3073	0.3043	0.2964
0.3069	0.5922	0.5701	0.5763	0.5487	0.3145	0.3094	0.3146	0.3107	0.3027	0.3014	0.2971
0.3055	0.4878	0.4944	0.4696	0.4501	0.3437	0.3111	0.3328	0.3046	0.3023	0.2957	0.2989
0.3058	0.3266	0.342	0.313	0.3156	0.3105	0.3123	0.3083	0.3131	0.3098	0.3073	0.3301

Old_18	Old_18	FluoOptima	09/12/2013 14:44:22
0.3084	0.3188	0.3359	0.3186	0.3202	0.3129	0.3092	0.3116	0.3134	0.3163	0.3083	0.3034
0.3142	0.8902	0.759	0.599	0.657	0.4407	0.4435	0.4347	0.4307	0.4287	0.4427	0.3055
0.3247	1.0825	0.7422	0.5615	0.626	0.4009	0.3744	0.4048	0.3771	0.3786	0.3936	0.3016
0.3052	1.0392	1.0938	0.6667	0.6103	0.3894	0.3726	0.3849	0.3508	0.3466	0.3443	0.302
0.3083	0.6615	0.7078	0.6386	0.8067	0.3216	0.3177	0.3041	0.3176	0.3088	0.3158	0.2983
0.3099	0.5766	0.5649	0.5471	0.5862	0.3051	0.3086	0.3146	0.3225	0.3502	0.3053	0.2953
0.3083	0.499	0.4781	0.4627	0.4845	0.3582	0.2999	0.3065	0.3025	0.3039	0.3051	0.2958
0.3078	0.3145	0.3123	0.3164	0.3486	0.3534	0.3377	0.3107	0.3059	0.3058	0.3036	0.3001

Old_19	Old_19	FluoOptima	09/12/2013 14:53:44
0.3106	0.3677	0.3183	0.32	0.3529	0.3149	0.3274	0.3448	0.3192	0.3206	0.3132	0.3065
0.3139	1.5879	1.7902	1.236	0.9919	1.218	1.5379	1.2078	0.8954	0.5677	0.437	0.3415
0.315	1.0941	1.1235	1.0867	1.2447	0.9284	0.9406	0.9224	0.6615	0.4052	0.3913	0.3033
0.3001	0.8979	0.872	0.843	0.7142	0.553	0.6949	0.719	0.5837	0.3691	0.4053	0.3008
0.2976	0.6774	0.6966	0.665	0.6913	0.5121	0.5796	0.5821	0.443	0.3259	0.333	0.2982
0.2981	0.5786	0.5765	0.5375	0.6788	0.5318	0.5207	0.4677	0.3887	0.3462	0.3177	0.3209
0.3058	0.4845	0.4311	0.4626	0.6006	0.4407	0.3477	0.331	0.3146	0.3015	0.2908	0.298
0.3446	0.3221	0.3369	0.3167	0.354	0.35	0.3375	0.3164	0.3088	0.3111	0.3042	0.2992

Old_20	Old_20	FluoOptima	09/12/2013 15:02:58
0.304	0.3114	0.3323	0.3197	0.3154	0.3182	0.3225	0.3339	0.3157	0.3176	0.3081	0.3009
0.3124	1.9113	1.1181	1.0506	1.4583	1.5558	1.6924	0.6661	1.3263	0.5827	0.4594	0.3414
0.324	1.1084	1.155	1.0649	1.2833	1.1981	1.1278	1.0379	0.6216	0.422	0.4319	0.3197
0.3111	0.8798	0.8473	0.8362	0.8557	0.7981	0.8332	0.7572	0.5293	0.3882	0.3826	0.3123
0.3303	0.6802	0.6604	0.6353	0.6591	0.6352	0.5988	0.5917	0.5455	0.3607	0.3724	0.3039
0.3455	0.5831	0.5695	0.5436	0.573	0.5713	0.5502	0.5303	0.3963	0.3594	0.3348	0.3186
0.3107	0.4443	0.3956	0.4295	0.4301	0.3991	0.3384	0.3459	0.3335	0.3481	0.3375	0.2988
0.3416	0.3141	0.3127	0.3162	0.3498	0.3171	0.3093	0.3357	0.3237	0.3083	0.3019	0.3026

Old_21	Old_21	FluoOptima	09/12/2013 15:12:33
0.3049	0.3147	0.3123	0.3145	0.3143	0.3103	0.309	0.3245	0.3138	0.3069	0.3054	0.3042
0.3122	1.3675	1.3183	1.0636	0.8758	0.642	0.4454	0.4435	0.4489	0.4443	0.4433	0.3052
0.3075	1.0859	1.1558	0.9903	0.8698	0.5277	0.3975	0.3894	0.387	0.372	0.3906	0.2988
0.3071	0.8584	0.9203	0.7293	0.7964	0.6542	0.3473	0.3385	0.3343	0.3263	0.3244	0.3002
0.332	0.6987	0.6837	0.638	0.6696	0.5708	0.3109	0.313	0.3211	0.3026	0.3042	0.2987
0.3376	0.5833	0.5752	0.5628	0.5814	0.5085	0.3066	0.3467	0.3089	0.3071	0.3082	0.2973
0.321	0.4536	0.4586	0.3536	0.3609	0.3399	0.3128	0.3263	0.3043	0.2893	0.2901	0.299
0.3241	0.316	0.3162	0.3191	0.314	0.3457	0.3082	0.3324	0.3346	0.3089	0.3029	0.3143

Old_22	Old_22	FluoOptima	09/12/2013 15:21:47
0.3157	0.3534	0.3403	0.3139	0.3391	0.3144	0.3293	0.3146	0.3163	0.3155	0.3221	0.3025
0.3279	1.6817	1.6791	1.2946	1.3942	1.4902	1.189	1.2375	1.0617	1.0702	0.4565	0.333
0.3358	1.1503	1.2751	0.9922	0.9611	0.8573	1.0639	1.0296	1.0147	0.8853	0.4012	0.3128
0.3	0.6364	0.6782	0.5837	0.7986	0.6405	0.8522	0.6086	0.669	0.6807	0.4099	0.2991
0.2932	0.5238	0.5551	0.5814	0.6407	0.5987	0.5457	0.572	0.5597	0.5458	0.4157	0.295
0.3289	0.4961	0.5269	0.5114	0.5466	0.5272	0.5045	0.4889	0.5048	0.4871	0.4091	0.2972
0.2958	0.4677	0.4785	0.4773	0.45	0.4482	0.3188	0.2951	0.3158	0.306	0.3041	0.2972
0.3066	0.3086	0.4845	0.3137	0.3077	0.3081	0.3273	0.3058	0.3312	0.3391	0.295	0.2965

Old_23	Old_23	FluoOptima	09/12/2013 15:30:59
0.3151	0.3212	0.3189	0.3204	0.3259	0.3179	0.4018	0.3523	0.3189	0.3132	0.3119	0.2988
0.3245	1.622	1.6165	1.5167	1.5263	1.5535	1.2668	1.3103	1.1412	0.7337	0.472	0.3062
0.3165	1.1881	0.8301	0.9925	0.9298	0.7849	0.7698	1.0611	1.02	0.7494	0.4101	0.3033
0.3175	1.0462	1.0818	0.8759	0.7067	0.6056	0.6218	0.6509	0.6656	0.691	0.4435	0.3253
0.3554	0.6693	0.7243	0.7292	0.63	0.5748	0.5559	0.5499	0.5697	0.5614	0.3849	0.3018
0.3142	0.5669	0.588	0.5681	0.5699	0.5607	0.5196	0.5001	0.5364	0.5288	0.37	0.3016
0.3107	0.4999	0.4745	0.4573	0.4821	0.4591	0.3298	0.3212	0.3114	0.3626	0.3106	0.337
0.3078	0.3219	0.3553	0.3101	0.3106	0.3195	0.3612	0.3258	0.3132	0.3175	0.3336	0.3058

Old_24	Old_24	FluoOptima	09/12/2013 15:40:15
0.3227	0.3218	0.3468	0.3211	0.3185	0.3185	0.3143	0.3404	0.3163	0.3151	0.304	0.3038
0.3206	2.2257	0.8092	1.7039	1.6756	0.5432	0.5263	1.1247	0.473	0.4491	0.4621	0.3109
0.3181	1.4081	1.3031	1.1227	1.3184	0.507	0.5032	0.6287	0.4363	0.4095	0.4102	0.3293
0.319	1.2156	1.1538	0.925	0.6147	0.496	0.6924	0.5519	0.376	0.3485	0.3364	0.3052
0.3137	0.717	0.7075	0.7109	0.655	0.4757	0.5198	0.4092	0.3683	0.3203	0.3193	0.3016
0.362	0.6359	0.5927	0.5675	0.5785	0.4768	0.4777	0.3181	0.3533	0.3097	0.3026	0.3155
0.3486	0.496	0.4868	0.4887	0.4898	0.3325	0.3408	0.3173	0.3167	0.3269	0.3126	0.3001
0.3473	0.3279	0.3184	0.3206	0.3587	0.3213	0.3154	0.3194	0.3273	0.3128	0.329	0.3029

Old_25	Old_25	FluoOptima	09/12/2013 15:49:30
0.3192	0.3515	0.3222	0.3155	0.3402	0.3347	0.3216	0.3191	0.3225	0.3196	0.3169	0.3157
0.3166	0.4484	0.458	0.443	0.4849	0.4846	0.4805	0.4749	0.4476	0.4415	0.4389	0.3191
0.3136	0.3713	0.4085	0.3884	0.4162	0.4158	0.4364	0.4057	0.4197	0.4149	0.4181	0.3073
0.3095	0.3594	0.3343	0.3436	0.352	0.3314	0.3786	0.4106	0.4032	0.3807	0.3713	0.3103
0.3104	0.3175	0.3206	0.3134	0.3234	0.3254	0.3537	0.3133	0.3186	0.335	0.3448	0.3364
0.3525	0.316	0.3206	0.3165	0.3552	0.3675	0.3416	0.3437	0.3128	0.3113	0.3458	0.3054
0.3367	0.3169	0.3548	0.3114	0.3153	0.3317	0.3545	0.3184	0.3052	0.2919	0.3343	0.3119
0.3338	0.3272	0.3657	0.3216	0.3525	0.3142	0.3277	0.3117	0.3616	0.328	0.3453	0.3459

Old_26	Old_26	FluoOptima	09/12/2013 15:58:47
0.3153	0.3521	0.3494	0.3705	0.3325	0.332	0.3286	0.3361	0.3391	0.3389	0.3275	0.3223
0.3272	0.4384	0.4715	0.4823	0.4896	0.4806	0.4668	0.4513	0.4783	0.4474	0.4553	0.3378
0.3267	0.369	0.3653	0.3772	0.4332	0.4142	0.4317	0.4067	0.4257	0.4179	0.425	0.3286
0.3172	0.3352	0.379	0.3371	0.3572	0.4015	0.4005	0.4313	0.4162	0.4001	0.4249	0.3269
0.3384	0.3389	0.3297	0.3266	0.3293	0.3459	0.3276	0.3331	0.3661	0.3474	0.351	0.3228
0.3084	0.3364	0.3265	0.3161	0.3623	0.3695	0.3096	0.3086	0.3783	0.3569	0.3328	0.3301
0.3489	0.3215	0.3223	0.3182	0.3112	0.3164	0.3442	0.3285	0.3057	0.2995	0.3152	0.3253
0.3433	0.3282	0.3697	0.3325	0.3708	0.3391	0.3318	0.3738	0.3371	0.3365	0.3714	0.353

Old_27	Old_27	FluoOptima	09/12/2013 16:08:05
0.3068	0.3166	0.3206	0.3156	0.3116	0.3137	0.3214	0.3182	0.3207	0.3177	0.3159	0.307
0.3156	0.4437	0.461	0.4466	0.4785	0.4731	0.4716	0.4597	0.4709	0.4491	0.4529	0.3118
0.3232	0.3677	0.4176	0.4072	0.44	0.4164	0.4629	0.4192	0.4164	0.4143	0.4044	0.305
0.3172	0.3344	0.3828	0.3798	0.3795	0.3933	0.4059	0.3916	0.4096	0.3869	0.3681	0.3102
0.3296	0.3584	0.352	0.3213	0.3283	0.3667	0.4002	0.3441	0.3637	0.3735	0.3269	0.3049
0.3134	0.3233	0.3489	0.3492	0.3547	0.3127	0.3147	0.3184	0.3172	0.3088	0.3093	0.3034
0.306	0.3194	0.3161	0.3107	0.3368	0.3085	0.3081	0.3304	0.3076	0.302	0.3052	0.308
0.3043	0.3361	0.3671	0.3208	0.3185	0.341	0.3101	0.3098	0.3187	0.338	0.3057	0.3299

Old_28	Old_28	FluoOptima	09/12/2013 16:17:23
0.3173	0.3403	0.3285	0.3346	0.328	0.3336	0.3338	0.332	0.3345	0.3432	0.3281	0.3149
0.3217	0.4386	0.4537	0.4553	0.4876	0.4839	0.4803	0.4525	0.4772	0.4784	0.4625	0.3369
0.3161	0.3557	0.3716	0.377	0.4233	0.4346	0.4132	0.4038	0.422	0.4279	0.4218	0.3297
0.3251	0.3672	0.3372	0.3605	0.3398	0.3751	0.4108	0.3945	0.4112	0.3893	0.3815	0.3216
0.3395	0.3426	0.3149	0.3222	0.3771	0.3259	0.3146	0.3409	0.3198	0.3141	0.3431	0.3231
0.3244	0.3225	0.3235	0.3096	0.3605	0.3388	0.3091	0.295	0.3417	0.3033	0.313	0.3085
0.312	0.3151	0.3276	0.315	0.319	0.3438	0.3196	0.3038	0.3131	0.2945	0.3001	0.331
0.3206	0.3308	0.3185	0.346	0.335	0.3504	0.3204	0.326	0.3429	0.332	0.332	0.3225
