Old_1	Old_1	FluoOptima	10/21/2013 13:02:18
0.3068	0.3009	0.2852	0.2738	0.3077	0.2951	0.2994	0.28	0.2887	0.2929	0.301	0.3187
0.3098	0.5226	0.3229	0.3142	0.5834	0.3015	0.3321	0.3227	0.3321	0.3195	0.3181	0.3114
0.2949	0.3026	0.3065	0.6848	0.3096	0.2998	0.3192	0.4378	0.3173	0.3021	0.3102	0.2971
0.2916	0.3091	0.3055	0.294	0.3142	0.3056	0.3256	0.3104	0.2986	0.3039	0.304	0.3019
0.2907	0.298	0.3007	0.2895	0.3006	0.3022	0.3248	0.3043	0.315	0.2877	0.2913	0.2966
0.2958	0.3073	0.3052	0.3063	0.31	0.3157	0.3186	0.2966	0.3196	0.2937	0.3003	0.3011
0.3112	0.3068	0.3057	0.3037	0.3168	0.3086	0.3173	0.3063	0.322	0.313	0.2938	0.2935
0.3051	0.3256	0.3267	0.3256	0.342	0.3324	0.3383	0.3539	0.3418	0.3236	0.3137	0.3085

Old_2	Old_2	FluoOptima	10/21/2013 13:11:42
0.3038	0.2981	0.2926	0.2828	0.2807	0.3042	0.3014	0.3015	0.3177	0.323	0.3116	0.3158
0.3196	0.3334	0.3238	0.3301	0.3317	0.3256	0.33	0.3261	0.3354	0.3224	0.3226	0.3197
0.2936	0.3125	0.3024	0.3015	0.3223	0.3033	0.3187	0.2963	0.324	0.2977	0.3005	0.3006
0.2926	0.3206	0.3154	0.2916	0.3218	0.3087	0.3285	0.3216	0.316	0.3024	0.3103	0.2999
0.2968	0.3097	0.3084	0.2999	0.3062	0.3126	0.3258	0.3068	0.3268	0.2893	0.2912	0.2987
0.2922	0.3171	0.3119	0.3054	0.3355	0.3251	0.3275	0.2979	0.3138	0.3034	0.299	0.3063
0.3074	0.3136	0.3138	0.3089	0.3234	0.3108	0.3296	0.3096	0.3194	0.3114	0.2846	0.2944
0.3142	0.348	0.3375	0.32	0.3577	0.3508	0.3411	0.3487	0.345	0.3367	0.3331	0.3087

Old_3	Old_3	FluoOptima	10/21/2013 13:21:08
0.2902	0.3062	0.2901	0.304	0.28	0.3039	0.297	0.3035	0.295	0.3005	0.3024	0.3217
0.3198	0.3372	0.326	0.3221	0.3445	0.3145	0.3443	0.325	0.3359	0.3155	0.3231	0.3196
0.2934	0.319	0.3153	0.3026	0.3169	0.3158	0.3138	0.2918	0.3186	0.2946	0.2894	0.2897
0.3061	0.3176	0.3138	0.2923	0.3112	0.2945	0.33	0.3161	0.3243	0.3057	0.3125	0.3003
0.2909	0.304	0.309	0.2992	0.2981	0.3091	0.3248	0.3029	0.3226	0.2797	0.3011	0.2979
0.3055	0.3119	0.2984	0.3026	0.3215	0.312	0.3244	0.294	0.321	0.2995	0.3007	0.3024
0.2753	0.3063	0.3149	0.3061	0.3218	0.3138	0.3352	0.3033	0.3287	0.3077	0.3095	0.2936
0.3054	0.3382	0.3318	0.327	0.3427	0.3542	0.3557	0.3503	0.3604	0.3419	0.319	0.3077

Old_4	Old_4	FluoOptima	10/21/2013 13:30:34
0.2818	0.2833	0.2942	0.2708	0.2571	0.287	0.3008	0.2895	0.2771	0.2889	0.2837	0.3103
0.2966	0.3229	0.3089	0.3074	0.3239	0.3038	0.3246	0.3099	0.3242	0.3115	0.3103	0.3156
0.2811	0.3006	0.2984	0.2869	0.3144	0.3056	0.3074	0.2967	0.3111	0.2932	0.3016	0.2826
0.2949	0.3059	0.2974	0.2854	0.3166	0.3041	0.3195	0.3092	0.3122	0.2899	0.2964	0.3038
0.2729	0.2924	0.2979	0.2937	0.2901	0.299	0.3139	0.2975	0.3112	0.2702	0.2902	0.2937
0.2603	0.3088	0.2912	0.2964	0.3124	0.3051	0.3165	0.297	0.3109	0.2901	0.2926	0.3059
0.2711	0.3124	0.3135	0.3015	0.3218	0.3043	0.3243	0.3046	0.3227	0.3108	0.3009	0.2917
0.3034	0.3325	0.3285	0.3373	0.3387	0.307	0.3479	0.3583	0.3152	0.3069	0.3042	0.3129

Old_5	Old_5	FluoOptima	10/21/2013 13:40:03
0.2862	0.2799	0.2943	0.2879	0.2691	0.2908	0.2891	0.2925	0.2867	0.2916	0.2931	0.3024
0.3154	0.3398	0.3289	0.3219	0.3366	0.3275	0.3345	0.3243	0.341	0.3221	0.3147	0.3295
0.2962	0.3213	0.3203	0.2969	0.3184	0.3165	0.32	0.2949	0.3199	0.3031	0.3147	0.2988
0.2985	0.3175	0.3113	0.2995	0.3275	0.3144	0.3289	0.3275	0.3299	0.3074	0.31	0.3192
0.2856	0.3079	0.3143	0.3037	0.2975	0.3092	0.3265	0.3168	0.3217	0.3013	0.2919	0.3121
0.2997	0.3282	0.3089	0.3071	0.3239	0.3211	0.3267	0.3114	0.3199	0.308	0.2991	0.316
0.2777	0.3292	0.3244	0.3195	0.336	0.3265	0.338	0.3111	0.3188	0.3214	0.3011	0.2998
0.3277	0.3501	0.3432	0.3464	0.3581	0.3581	0.3628	0.3648	0.3543	0.3477	0.3412	0.326

Old_6	Old_6	FluoOptima	10/21/2013 13:49:31
0.2968	0.2907	0.3087	0.2834	0.2936	0.3035	0.3123	0.3119	0.311	0.315	0.3033	0.3029
0.3105	0.329	0.3236	0.314	0.3368	0.3276	0.3301	0.321	0.3427	0.3323	0.3238	0.3256
0.2954	0.3188	0.3141	0.3076	0.3192	0.3149	0.3125	0.3095	0.329	0.3103	0.3034	0.2971
0.2869	0.3166	0.3269	0.3029	0.3251	0.3126	0.3309	0.3114	0.3292	0.3014	0.3043	0.317
0.2757	0.3087	0.3144	0.296	0.3012	0.315	0.3172	0.3069	0.3192	0.3098	0.2905	0.3052
0.2854	0.3201	0.3036	0.3067	0.322	0.3192	0.3121	0.2992	0.3094	0.3054	0.2972	0.3176
0.2731	0.3256	0.3089	0.3142	0.3281	0.3274	0.3384	0.3048	0.3203	0.3195	0.3104	0.2948
0.3312	0.3488	0.3439	0.3448	0.3544	0.3488	0.3301	0.3511	0.3377	0.3517	0.3395	0.325

Old_7	Old_7	FluoOptima	10/21/2013 13:59:00
0.3051	0.3168	0.2999	0.3033	0.2838	0.2889	0.3009	0.2998	0.3102	0.3121	0.3088	0.3038
0.3097	0.3384	0.4863	0.3376	0.6546	0.5537	0.3368	0.3239	0.3314	0.3257	0.329	0.3303
0.2823	0.3336	0.3175	0.3018	0.4365	0.3141	0.318	0.2998	0.3165	0.2985	0.3093	0.2979
0.2853	0.3182	0.3192	0.3046	0.3205	0.3066	0.4077	0.3188	0.3273	0.3022	0.3107	0.3157
0.2794	0.3017	0.3061	0.2988	0.2974	0.308	0.3214	0.3057	0.3184	0.2971	0.3001	0.3001
0.3019	0.2866	0.3062	0.3044	0.3196	0.3144	0.3235	0.3062	0.3223	0.3108	0.3102	0.3204
0.2697	0.312	0.3137	0.3031	0.3289	0.3186	0.3237	0.3141	0.3271	0.3113	0.305	0.3001
0.3101	0.3447	0.335	0.3443	0.3494	0.3489	0.3388	0.3604	0.3336	0.3425	0.3149	0.3159

Old_8	Old_8	FluoOptima	10/21/2013 14:08:30
0.3046	0.3145	0.2988	0.2881	0.2864	0.2963	0.31	0.2984	0.2895	0.3055	0.303	0.31
0.3117	1.195	0.3292	0.3024	0.3146	1.3205	0.3258	0.3096	0.3327	0.2967	0.312	0.3003
0.2979	0.3101	0.3092	0.9492	0.31	0.3038	0.3085	0.3034	0.3114	0.2893	0.2967	0.2869
0.2865	0.3095	0.3101	0.2767	0.32	1.2532	0.4342	0.3095	0.3176	0.3004	0.2981	0.2924
0.287	0.3021	0.3035	0.2894	0.2966	0.3041	0.43	0.3127	0.3128	0.292	0.2894	0.2891
0.2959	0.3146	0.31	0.298	0.3113	0.3053	0.3146	0.2986	0.2686	0.2946	0.2947	0.288
0.2938	0.3154	0.3103	0.3057	0.3205	0.3082	0.3071	0.3025	0.3126	0.301	0.2968	0.2866
0.3096	0.3225	0.3099	0.3146	0.3203	0.3212	0.3277	0.3327	0.3215	0.3074	0.3029	0.3019

Old_9	Old_9	FluoOptima	10/21/2013 14:17:57
0.3058	0.3284	0.3033	0.2993	0.2978	0.3046	0.3077	0.3019	0.3079	0.3058	0.2967	0.3191
0.3119	0.335	0.317	0.3202	0.3363	0.3176	0.3355	0.3002	0.3355	0.3231	0.323	0.308
0.2954	0.3024	0.3058	0.2933	0.3192	0.2811	0.3172	0.3056	0.3241	0.2868	0.2911	0.2883
0.292	0.3151	0.3105	0.2979	0.3138	0.2997	0.3224	0.3151	0.327	0.2989	0.3036	0.2944
0.2868	0.304	0.3026	0.2989	0.2901	0.3041	0.3193	0.3009	0.3267	0.3002	0.296	0.292
0.2973	0.3137	0.3051	0.3033	0.3239	0.3103	0.322	0.2795	0.319	0.3092	0.3013	0.2914
0.3009	0.3178	0.311	0.3065	0.3228	0.3111	0.3073	0.3094	0.3089	0.2994	0.308	0.2885
0.3071	0.3241	0.3187	0.3354	0.335	0.333	0.3208	0.3226	0.3222	0.3235	0.3086	0.3018

Old_10	Old_10	FluoOptima	10/21/2013 14:27:25
0.3048	0.3029	0.2819	0.2914	0.2829	0.3091	0.3085	0.3044	0.2988	0.3124	0.3046	0.3143
0.3187	0.333	0.3385	0.3194	0.7089	0.663	0.3374	0.3223	0.3471	0.326	0.318	0.3111
0.2943	0.3049	0.3068	0.8633	0.3198	0.6143	0.3191	0.3078	0.3185	0.3036	0.3037	0.2956
0.2938	0.3166	0.3163	0.407	0.6908	0.6587	0.6272	0.3187	0.3258	0.2978	0.3078	0.3013
0.2823	0.3097	0.3125	0.2903	0.7339	0.5107	0.3279	0.3143	0.3186	0.2996	0.293	0.301
0.2911	0.3259	0.3171	0.3099	0.3255	0.719	0.7309	0.3084	0.3307	0.3111	0.3004	0.3007
0.2845	0.3244	0.3216	0.3123	0.3354	0.3192	0.3347	0.3084	0.3204	0.3119	0.3088	0.2966
0.3269	0.3435	0.3212	0.3333	0.3272	0.3295	0.3538	0.3584	0.3263	0.3103	0.3162	0.3064

Old_11	Old_11	FluoOptima	10/21/2013 14:36:55
0.2858	0.3122	0.288	0.2853	0.2873	0.3051	0.3071	0.3058	0.3052	0.3127	0.2958	0.3163
0.3034	0.3263	0.3235	0.3231	0.3332	0.3164	0.33	0.326	0.3421	0.3333	0.3244	0.3141
0.29	0.308	0.3101	0.3013	0.3175	0.5741	0.4628	0.3047	0.3238	0.3089	0.3095	0.291
0.2754	0.3127	0.3113	0.2945	0.8856	0.8633	0.7325	0.3228	0.306	0.311	0.3168	0.2961
0.2729	0.3004	0.2964	0.2974	0.3053	0.3091	0.3279	0.31	0.3185	0.3023	0.3055	0.2984
0.2812	0.3124	0.3112	0.2994	0.3274	0.5315	0.74	0.3067	0.32	0.3013	0.3081	0.3007
0.2898	0.316	0.3085	0.3033	0.3267	0.3181	0.3022	0.3122	0.3246	0.3213	0.3071	0.2952
0.3044	0.327	0.3329	0.3328	0.3362	0.3449	0.3554	0.3201	0.3238	0.338	0.332	0.3042

Old_12	Old_12	FluoOptima	10/21/2013 14:46:27
0.3048	0.3046	0.2784	0.2876	0.28	0.3082	0.3134	0.3118	0.3041	0.3104	0.3083	0.3105
0.309	0.3357	0.3268	0.3196	0.3422	0.3271	0.3327	0.3226	0.3419	0.3223	0.3204	0.308
0.2977	0.3151	0.3149	0.3062	0.3105	0.3138	0.3157	0.3088	0.3167	0.2979	0.301	0.2924
0.2868	0.3149	0.3173	0.2981	0.327	0.3076	0.3278	0.3219	0.3172	0.3024	0.3086	0.2975
0.2757	0.3049	0.3116	0.2992	0.3046	0.311	0.3249	0.3038	0.3208	0.2924	0.2975	0.2975
0.2845	0.3254	0.3159	0.3048	0.3248	0.317	0.3255	0.3123	0.3102	0.2967	0.2948	0.2967
0.311	0.3222	0.3202	0.3142	0.3273	0.3193	0.3314	0.3092	0.3204	0.3121	0.3127	0.29
0.314	0.3452	0.3233	0.3451	0.3483	0.3504	0.3634	0.3591	0.3297	0.322	0.3246	0.3062

Old_13	Old_13	FluoOptima	10/21/2013 14:55:59
0.2906	0.3033	0.2824	0.288	0.2612	0.2865	0.3062	0.2989	0.3006	0.3022	0.3009	0.32
0.3104	0.6935	0.3232	0.3234	0.3303	0.3218	0.3361	0.5855	0.5009	0.3289	0.3239	0.3105
0.2931	0.3079	0.3193	0.3071	0.3178	0.5462	0.3183	0.4728	1.2375	0.2986	0.3033	0.2875
0.298	0.3134	0.3209	0.7038	0.3197	0.2955	0.3291	0.3224	0.3228	0.3117	0.3193	0.2937
0.2887	0.2952	0.2994	0.2924	1.0568	0.4471	0.8423	0.3065	0.309	0.5365	0.3073	0.2934
0.2945	0.3115	0.3112	0.2959	0.3347	0.4391	0.4076	0.3119	0.7236	0.3088	0.3065	0.2942
0.2974	0.3151	0.3045	0.3844	0.3245	0.316	0.548	0.4277	0.9348	0.3172	0.3135	0.2885
0.3092	0.3384	0.318	0.3431	0.3445	0.3453	0.319	0.354	0.3405	0.3293	0.308	0.303

Old_14	Old_14	FluoOptima	10/21/2013 15:05:33
0.3069	0.3	0.2814	0.2905	0.2807	0.3036	0.309	0.2988	0.3005	0.3069	0.3088	0.3146
0.3167	0.3399	0.3577	0.3272	0.3723	0.3331	0.3359	0.3277	0.3452	0.333	0.3318	0.3093
0.2957	0.3268	0.322	0.3043	0.3281	0.3158	0.3205	0.313	0.3202	0.3021	0.3119	0.2937
0.2963	0.3226	0.3198	0.3041	0.3271	0.3093	0.3291	0.3244	0.3204	0.3124	0.3143	0.2988
0.2718	0.3051	0.312	0.2931	0.3076	0.292	0.3234	0.3088	0.321	0.3001	0.3008	0.3041
0.2933	0.3209	0.3202	0.3052	0.3257	0.3196	0.3249	0.3101	0.3256	0.3097	0.3068	0.3005
0.2877	0.3256	0.324	0.314	0.3325	0.3216	0.3273	0.3046	0.328	0.3132	0.3067	0.2967
0.3153	0.344	0.3316	0.3328	0.3548	0.3563	0.3343	0.3579	0.3297	0.3354	0.3169	0.3077

Old_15	Old_15	FluoOptima	10/21/2013 15:15:07
0.3054	0.3289	0.3218	0.3021	0.3019	0.3103	0.3102	0.3062	0.3111	0.3092	0.3129	0.3189
0.3085	0.3305	0.3237	0.3167	0.3305	0.3107	0.3313	0.3099	0.3409	0.3188	0.3201	0.3118
0.2896	0.3096	0.3221	0.3103	0.3161	0.3085	0.3097	0.2946	0.3161	0.295	0.2902	0.2929
0.2897	0.31	0.3052	0.2949	0.3174	0.3017	0.3191	0.3189	0.3143	0.3009	0.3017	0.2999
0.2816	0.3088	0.3005	0.2937	0.3026	0.3008	0.3216	0.3062	0.3077	0.2986	0.2968	0.299
0.3083	0.3157	0.3098	0.3021	0.3241	0.3143	0.3163	0.3052	0.3238	0.3	0.3047	0.2983
0.2991	0.3158	0.3054	0.3076	0.3292	0.3163	0.3298	0.3106	0.3276	0.31	0.3033	0.2937
0.3062	0.3311	0.3245	0.3246	0.3413	0.3343	0.3358	0.3457	0.3458	0.332	0.3146	0.3039

Old_16	Old_16	FluoOptima	10/21/2013 15:24:40
0.3062	0.3147	0.3087	0.2968	0.2906	0.3112	0.3167	0.3086	0.3006	0.3051	0.3047	0.3135
0.3125	0.3346	0.3257	0.3265	0.32	0.3291	0.3299	0.3236	0.3438	0.3215	0.3149	0.3109
0.2984	0.3145	0.3157	0.3057	0.3253	0.3059	0.3173	0.3028	0.3214	0.2986	0.3007	0.2913
0.2946	0.3193	0.3161	0.3018	0.3267	0.3072	0.3243	0.3205	0.3303	0.3064	0.3105	0.3062
0.2956	0.3092	0.3059	0.302	0.3032	0.3122	0.3195	0.3051	0.3191	0.2979	0.2977	0.3019
0.3035	0.3211	0.3174	0.3062	0.3186	0.317	0.3253	0.3092	0.3293	0.2972	0.2989	0.302
0.2995	0.321	0.3124	0.3093	0.3319	0.3218	0.3342	0.3117	0.3327	0.3098	0.3084	0.2961
0.3178	0.3372	0.3358	0.3349	0.3526	0.3552	0.3499	0.3638	0.3522	0.3481	0.3138	0.3107

Old_17	Old_17	FluoOptima	10/21/2013 15:34:13
0.3048	0.3366	0.325	0.3082	0.304	0.3216	0.3148	0.2972	0.3008	0.3025	0.2997	0.3193
0.3166	0.3352	0.3231	0.3254	0.3419	0.3169	0.338	0.3214	0.3439	0.329	0.3224	0.3132
0.2924	0.3125	0.3158	0.3071	0.313	0.3115	0.3164	0.307	0.3216	0.3001	0.2959	0.2897
0.2858	0.3168	0.3144	0.2948	0.3143	0.305	0.3289	0.3204	0.3227	0.3069	0.312	0.3031
0.2803	0.3032	0.2942	0.2997	0.3077	0.307	0.3213	0.3023	0.3187	0.3003	0.3016	0.3016
0.3005	0.312	0.3048	0.299	0.3216	0.3137	0.3226	0.3103	0.3217	0.3031	0.3009	0.3011
0.2929	0.3169	0.3133	0.3022	0.3256	0.3159	0.3284	0.3128	0.3246	0.3141	0.3051	0.2942
0.3046	0.3361	0.323	0.3373	0.3276	0.3454	0.3491	0.3582	0.3462	0.3405	0.3226	0.3046

Old_18	Old_18	FluoOptima	10/21/2013 15:43:47
0.3034	0.3213	0.3045	0.286	0.2774	0.3098	0.3048	0.3057	0.2843	0.3005	0.3011	0.3113
0.3092	0.3341	0.3319	0.323	0.3284	0.3179	0.3236	0.324	0.343	0.3258	0.3208	0.3086
0.2978	0.3126	0.3111	0.2957	0.324	0.3066	0.3176	0.303	0.3194	0.3057	0.2952	0.2908
0.2966	0.3174	0.3116	0.3006	0.3117	0.3065	0.3194	0.3203	0.3246	0.29	0.3103	0.3022
0.2924	0.3049	0.3071	0.3018	0.3079	0.3033	0.3206	0.3087	0.3088	0.2995	0.2958	0.3005
0.2983	0.3207	0.319	0.3067	0.3235	0.3177	0.3213	0.3053	0.3135	0.303	0.3012	0.2982
0.3022	0.3225	0.3198	0.3103	0.3294	0.3207	0.3233	0.3073	0.3211	0.3142	0.3101	0.2897
0.3087	0.3347	0.3227	0.3376	0.3488	0.3484	0.328	0.353	0.3427	0.3115	0.3237	0.306

Old_19	Old_19	FluoOptima	10/21/2013 15:53:21
0.2973	0.3169	0.3162	0.304	0.298	0.3099	0.318	0.3126	0.3087	0.311	0.3145	0.3173
0.3093	0.3407	0.5741	0.3297	0.3433	0.325	0.343	0.3251	0.3414	0.3323	0.3123	0.3118
0.2949	0.3159	0.3222	0.3034	0.3208	0.3136	0.3195	0.3049	0.3261	0.3077	0.3003	0.2896
0.295	0.3137	0.3195	0.3002	0.321	0.584	0.4306	0.3189	0.3292	0.304	0.3116	0.3029
0.2886	0.3034	0.3092	0.2989	0.7427	0.5078	0.3202	0.3101	0.3196	0.3052	0.3004	0.301
0.299	0.3166	0.3151	0.3063	0.3203	0.5174	0.3253	0.4979	0.3162	0.3065	0.3041	0.3011
0.2974	0.3113	0.3136	0.3068	0.3244	0.3189	0.3218	0.3088	0.3249	0.3153	0.3101	0.2956
0.3036	0.3299	0.3275	0.3337	0.3317	0.3363	0.3353	0.3446	0.341	0.3304	0.3103	0.3034

Old_20	Old_20	FluoOptima	10/21/2013 16:02:50
0.3067	0.3228	0.3259	0.3073	0.3101	0.3241	0.3192	0.3153	0.3169	0.3148	0.3092	0.3095
0.3156	0.3399	0.3271	0.3378	0.329	0.3266	0.324	0.3235	0.3437	0.3241	0.3202	0.3056
0.3032	0.3224	0.3351	0.3114	0.3203	0.3135	0.3163	0.3045	0.3219	0.3045	0.3055	0.2913
0.2982	0.3181	0.324	0.3045	0.3223	0.3057	0.3229	0.3132	0.3314	0.3093	0.3065	0.2983
0.2943	0.3087	0.3098	0.3037	0.3083	0.3048	0.3155	0.302	0.3213	0.3018	0.298	0.2962
0.3032	0.3211	0.3239	0.3075	0.3189	0.317	0.3113	0.3081	0.3335	0.3073	0.3095	0.297
0.3094	0.3211	0.3101	0.3072	0.3271	0.3211	0.3303	0.3093	0.324	0.3109	0.3078	0.2925
0.307	0.3371	0.3217	0.3332	0.3381	0.3331	0.332	0.3409	0.3367	0.324	0.3093	0.3054

Old_21	Old_21	FluoOptima	10/21/2013 16:12:36
0.3063	0.3333	0.3185	0.3162	0.3106	0.316	0.3132	0.3175	0.3221	0.3183	0.3123	0.3101
0.3059	0.322	0.3182	0.3041	0.3283	0.3177	0.3316	0.3174	0.3396	0.32	0.3167	0.3055
0.2916	0.3001	0.305	0.2953	0.3157	0.309	0.3106	0.3047	0.3133	0.3003	0.2964	0.2894
0.2913	0.3145	0.3093	0.2886	0.3166	0.3	0.3123	0.3094	0.3195	0.302	0.3046	0.2894
0.2888	0.3009	0.2982	0.2934	0.3035	0.3012	0.3169	0.2998	0.316	0.2996	0.2933	0.2905
0.2957	0.3092	0.3047	0.2935	0.3148	0.3084	0.3192	0.3018	0.311	0.3013	0.2958	0.2896
0.2969	0.3143	0.3043	0.2965	0.3155	0.3077	0.3136	0.3025	0.3188	0.3075	0.3031	0.2889
0.2913	0.3214	0.3184	0.3227	0.3197	0.3208	0.3111	0.3177	0.3199	0.3105	0.2971	0.2968

Old_22	Old_22	FluoOptima	10/21/2013 16:22:03
0.3094	0.3304	0.3074	0.2972	0.2908	0.2963	0.2972	0.3076	0.302	0.3111	0.2973	0.3092
0.3149	0.8657	0.8772	0.8522	0.947	0.6765	0.8729	0.6915	0.7676	0.668	0.3179	0.3124
0.3006	0.3182	0.3173	0.3326	0.5666	0.647	0.6071	0.6288	0.7962	0.877	0.305	0.2892
0.2978	0.3176	0.3131	0.3038	0.8882	0.5488	0.6494	0.6572	0.7176	0.8171	0.3095	0.3013
0.2963	0.3136	0.3129	0.2955	0.5639	0.6827	0.6228	0.9687	0.8912	0.7781	0.3041	0.2915
0.3018	0.6804	0.9492	0.651	0.7393	0.7822	0.7015	0.6786	0.9462	0.6435	0.3194	0.2892
0.3071	0.3161	0.8854	0.3136	0.687	0.8542	0.4566	0.7685	0.3245	0.3172	0.3104	0.2928
0.3149	0.3363	0.336	0.3243	0.3384	0.3244	0.3469	0.3425	0.3265	0.3019	0.301	0.3153

Old_23	Old_23	FluoOptima	10/21/2013 16:31:29
0.308	0.3255	0.3143	0.3082	0.3043	0.3047	0.3047	0.3033	0.3131	0.3174	0.3058	0.3084
0.3141	0.6025	0.6057	0.6187	0.6277	0.975	0.658	0.6056	0.7579	0.7175	0.3242	0.3206
0.2973	0.3173	0.605	0.6568	0.667	0.591	0.638	0.6322	0.9035	0.3025	0.3018	0.2954
0.2877	0.3135	0.3122	0.6518	0.6919	0.6313	0.696	0.9207	0.6953	0.6557	0.3108	0.3066
0.2898	0.3099	0.3083	0.2965	0.6709	0.6907	0.5301	0.6552	0.6702	0.6512	0.2987	0.3031
0.2944	0.3161	0.6914	0.6697	0.7132	0.6555	0.669	0.656	0.667	0.3048	0.3042	0.3055
0.2976	0.6546	0.7263	0.6872	0.7068	0.6889	0.7499	0.307	0.3236	0.3152	0.306	0.2928
0.3146	0.3428	0.3367	0.3388	0.3555	0.3463	0.3485	0.3523	0.3547	0.3419	0.3284	0.306

Old_24	Old_24	FluoOptima	10/21/2013 16:40:56
0.297	0.3137	0.3013	0.2928	0.3002	0.3017	0.3003	0.3064	0.3019	0.2996	0.2981	0.3069
0.3033	0.3178	0.3125	0.3105	0.3229	0.3108	0.3177	0.3118	0.3302	0.3136	0.3108	0.3081
0.2918	0.3027	0.3009	0.2939	0.3363	0.2942	0.3038	0.2961	0.3122	0.2879	0.2886	0.2879
0.2869	0.2978	0.3065	0.2884	0.3147	0.2986	0.3117	0.3066	0.3146	0.3002	0.2944	0.3002
0.282	0.2948	0.2978	0.2913	0.2959	0.2967	0.3114	0.2934	0.3124	0.2905	0.2798	0.2875
0.2919	0.3044	0.3065	0.2987	0.3099	0.3031	0.3086	0.3007	0.312	0.2947	0.2955	0.2917
0.2875	0.3102	0.309	0.299	0.3163	0.3125	0.3212	0.2991	0.3198	0.3005	0.2979	0.285
0.2977	0.3251	0.3164	0.3158	0.3277	0.3227	0.3373	0.3387	0.3305	0.3151	0.3035	0.2989

Old_25	Old_25	FluoOptima	10/21/2013 16:50:25
0.3071	0.3271	0.3232	0.3005	0.3034	0.3089	0.3116	0.3045	0.3067	0.3086	0.3031	0.3143
0.3125	0.3305	0.3243	0.3185	0.338	0.3247	0.3239	0.3193	0.3348	0.3224	0.3201	0.3169
0.2988	0.3159	0.3162	0.3081	0.3217	0.3107	0.3168	0.3061	0.3196	0.3058	0.3068	0.2972
0.2985	0.3134	0.3185	0.3038	0.3208	0.3046	0.3177	0.3165	0.3259	0.3081	0.3069	0.3036
0.2957	0.3117	0.307	0.2999	0.3091	0.3073	0.3174	0.2945	0.3274	0.3041	0.2983	0.2992
0.2932	0.3196	0.3179	0.3039	0.3227	0.3132	0.3206	0.3033	0.3247	0.3048	0.3013	0.3024
0.3015	0.3216	0.2994	0.3071	0.3254	0.3142	0.3236	0.3049	0.318	0.3106	0.3016	0.2938
0.3134	0.3411	0.3391	0.336	0.3483	0.3418	0.3448	0.3522	0.3462	0.339	0.3211	0.3054

Old_26	Old_26	FluoOptima	10/21/2013 16:59:55
0.3084	0.3254	0.3155	0.307	0.3105	0.3122	0.3182	0.3051	0.3129	0.308	0.3036	0.3143
0.3166	0.33	0.3206	0.3126	0.3269	0.3151	0.3308	0.3202	0.3335	0.3192	0.3149	0.31
0.303	0.3111	0.3094	0.2996	0.3169	0.305	0.3073	0.2993	0.3192	0.2991	0.2981	0.2914
0.2999	0.3117	0.3097	0.2979	0.319	0.3013	0.3215	0.3139	0.3229	0.3045	0.3083	0.2976
0.2975	0.3001	0.3056	0.2961	0.305	0.3031	0.3167	0.2995	0.3221	0.2943	0.2916	0.2942
0.3044	0.3124	0.312	0.302	0.318	0.3103	0.3148	0.3011	0.3181	0.3028	0.2951	0.294
0.3123	0.3197	0.313	0.3057	0.3228	0.3121	0.3201	0.3042	0.3258	0.3036	0.3002	0.2925
0.3085	0.3339	0.3276	0.336	0.3459	0.3426	0.3261	0.3496	0.3336	0.3297	0.3163	0.3065

Old_27	Old_27	FluoOptima	10/21/2013 17:09:25
0.2919	0.3301	0.3223	0.3191	0.3149	0.3271	0.3158	0.317	0.3236	0.3213	0.3122	0.3109
0.3138	0.3335	0.3208	0.3163	0.3339	0.3215	0.3219	0.3211	0.3373	0.324	0.3129	0.3099
0.3027	0.3169	0.3133	0.3052	0.3196	0.3081	0.3153	0.3079	0.3207	0.299	0.3022	0.2971
0.3051	0.3103	0.3136	0.2988	0.3272	0.3054	0.3149	0.3192	0.3244	0.2996	0.3049	0.2959
0.3005	0.3106	0.3075	0.2955	0.3097	0.3008	0.3154	0.3015	0.3258	0.2947	0.2964	0.2923
0.3055	0.3164	0.3123	0.3051	0.315	0.3166	0.3115	0.3067	0.3187	0.2966	0.2957	0.2972
0.3102	0.312	0.3145	0.31	0.3214	0.3124	0.3201	0.2996	0.3159	0.2951	0.2994	0.2907
0.3054	0.3351	0.3234	0.3296	0.3336	0.3318	0.3196	0.33	0.3311	0.3214	0.3088	0.3043

Old_28	Old_28	FluoOptima	10/21/2013 17:18:55
0.2962	0.3253	0.3184	0.3139	0.312	0.3197	0.3145	0.3074	0.3215	0.324	0.3103	0.3123
0.3071	0.3256	0.3229	0.3117	0.3247	0.3111	0.3292	0.3179	0.3329	0.3216	0.3212	0.303
0.2971	0.3147	0.3019	0.2973	0.3139	0.3034	0.3151	0.2982	0.3105	0.2985	0.3033	0.2909
0.2965	0.312	0.3096	0.294	0.3154	0.3012	0.3189	0.3118	0.3216	0.3021	0.3051	0.2902
0.2924	0.2996	0.3024	0.2935	0.3019	0.302	0.3154	0.3082	0.3173	0.2914	0.2913	0.2887
0.2999	0.3096	0.3094	0.2981	0.3153	0.3058	0.3147	0.2979	0.3186	0.2994	0.3035	0.2894
0.3052	0.3125	0.3067	0.3027	0.3192	0.3148	0.3202	0.3079	0.3246	0.3104	0.3035	0.287
0.2975	0.3214	0.3153	0.3176	0.3268	0.322	0.3168	0.3231	0.3258	0.3151	0.3036	0.302

