Old_D_1	Old_D_1	FluoOptima	09/06/2013 14:32:35
0.2683	0.2796	0.311	0.2759	0.2515	0.2624	0.2647	0.2473	0.2553	0.2551	0.2673	0.2931
0.2791	0.999	0.7437	0.8491	0.9078	0.9789	1.0129	1.3633	0.9886	0.7328	0.6401	0.3105
0.2278	1.2502	1.1885	0.4169	0.5901	0.3005	0.3082	0.321	0.385	0.7804	0.2986	0.2901
0.2592	0.8434	0.8616	0.8457	0.5471	0.3397	0.5163	0.32	0.4167	0.461	0.2782	0.2948
0.2577	0.599	0.6918	0.6836	0.4884	0.4294	0.4606	0.3972	0.8783	0.5708	0.2751	0.2919
0.2631	0.4197	0.4851	0.4513	0.5051	0.4626	0.3948	0.5063	0.5506	0.322	0.2658	0.2901
0.2925	0.3237	0.3513	0.4001	0.4971	0.4296	0.2985	0.2703	0.2757	0.2521	0.2474	0.2912
0.2992	0.3163	0.3064	0.3112	0.3231	0.3206	0.3133	0.3173	0.3214	0.3101	0.3038	0.2994

Old_D_2	Old_D_2	FluoOptima	09/06/2013 14:44:26
0.2889	0.3084	0.2945	0.2937	0.2934	0.306	0.3012	0.2984	0.3049	0.3097	0.2959	0.3067
0.2943	1.206	1.1581	0.6266	0.5111	0.3821	0.3344	0.3319	0.3577	0.3392	0.3356	0.296
0.2766	1.0155	0.8485	0.8957	0.426	0.4176	0.3208	0.2964	0.3206	0.3016	0.3071	0.2818
0.2792	0.7251	0.7842	0.6554	0.4816	0.3453	0.3878	0.3013	0.307	0.2972	0.3006	0.2844
0.2782	0.5236	0.5014	0.509	0.4537	0.3396	0.3641	0.2865	0.2919	0.2802	0.2714	0.284
0.2845	0.4041	0.4022	0.3967	0.4099	0.3308	0.3647	0.298	0.2939	0.2779	0.2658	0.2808
0.2856	0.3234	0.3262	0.3188	0.3354	0.32	0.3076	0.2748	0.3012	0.2677	0.2725	0.2858
0.3009	0.327	0.3237	0.3331	0.344	0.3352	0.3393	0.3332	0.3378	0.3174	0.3084	0.3015

Old_D_3	Old_D_3	FluoOptima	09/06/2013 14:56:22
0.286	0.3052	0.2983	0.2905	0.2978	0.3005	0.298	0.2968	0.3002	0.3033	0.2968	0.3008
0.2729	1.3142	0.9394	0.6844	0.6687	0.3684	0.3403	0.3387	0.352	0.3337	0.3372	0.2913
0.252	1.2573	0.962	0.7371	0.607	0.3478	0.324	0.31	0.3271	0.3043	0.3	0.2794
0.2545	0.865	0.8918	0.6981	0.575	0.4079	0.313	0.3057	0.3166	0.2978	0.2993	0.2777
0.252	0.5981	0.6086	0.5695	0.5813	0.3462	0.3032	0.293	0.3073	0.2783	0.2742	0.2763
0.2589	0.4841	0.4543	0.451	0.4605	0.4265	0.3069	0.2861	0.2967	0.2623	0.2592	0.2765
0.2555	0.333	0.3253	0.3183	0.341	0.3158	0.2837	0.2695	0.2952	0.2739	0.2748	0.2787
0.3005	0.3227	0.3269	0.3313	0.3398	0.3302	0.333	0.3324	0.3336	0.3117	0.2997	0.2972

Old_D_4	Old_D_4	FluoOptima	09/06/2013 15:08:17
0.3009	0.3303	0.3216	0.3212	0.3178	0.3308	0.3256	0.3231	0.3337	0.3174	0.3156	0.3299
0.3058	0.9104	0.597	0.5051	0.4036	0.3381	0.3543	0.3414	0.3652	0.358	0.3457	0.3112
0.2796	1.0696	0.6013	0.4582	0.4269	0.3113	0.3291	0.3141	0.3393	0.3167	0.3166	0.294
0.2872	0.7596	0.7474	0.7372	0.3916	0.3069	0.3207	0.3157	0.3307	0.3091	0.3102	0.2993
0.2759	0.5915	0.5978	0.5919	0.6109	0.3337	0.3125	0.2961	0.311	0.2904	0.2833	0.2975
0.2789	0.4871	0.4883	0.4915	0.5032	0.4643	0.3262	0.2967	0.3157	0.2944	0.2869	0.2989
0.2821	0.3417	0.343	0.3217	0.3493	0.3256	0.3276	0.3017	0.3161	0.2924	0.2865	0.2985
0.3066	0.3417	0.3445	0.3519	0.3564	0.3495	0.3526	0.3521	0.3538	0.3397	0.3263	0.3183

Old_D_5	Old_D_5	FluoOptima	09/06/2013 15:20:14
0.2906	0.305	0.2911	0.2848	0.2827	0.2871	0.2922	0.2776	0.2766	0.282	0.2781	0.2929
0.2879	0.7815	0.617	0.4385	0.374	0.3404	0.3451	0.3318	0.353	0.3359	0.3384	0.2986
0.2602	1.16	0.5843	0.4005	0.3462	0.3047	0.3136	0.3024	0.3186	0.3061	0.3063	0.286
0.2687	0.8322	0.7951	0.8211	0.3473	0.3011	0.3107	0.3033	0.3211	0.2998	0.3089	0.2882
0.2607	0.533	0.7053	0.6704	0.4392	0.2968	0.3043	0.2899	0.3056	0.2812	0.2832	0.2834
0.2722	0.4195	0.4147	0.606	0.5878	0.3047	0.3089	0.2901	0.3067	0.2907	0.286	0.2842
0.2843	0.4744	0.4921	0.3053	0.333	0.3067	0.3121	0.2828	0.293	0.2813	0.2837	0.2856
0.3044	0.3281	0.321	0.3309	0.3382	0.3313	0.3292	0.3321	0.3348	0.3188	0.3044	0.3015

Old_D_6	Old_D_6	FluoOptima	09/06/2013 15:32:13
0.2846	0.3121	0.2977	0.3009	0.2964	0.3017	0.3033	0.3067	0.3084	0.3116	0.3244	0.3114
0.2786	0.7759	0.6109	0.6132	0.6977	0.3433	0.348	0.3358	0.3534	0.3404	0.3385	0.3046
0.2546	0.7087	0.606	0.4562	0.4139	0.3103	0.3165	0.3064	0.3257	0.3115	0.3047	0.2923
0.2741	0.9193	0.9206	0.5495	0.6239	0.3014	0.3107	0.3044	0.3177	0.3015	0.3074	0.2916
0.2565	0.5166	0.7054	0.5184	0.7034	0.2952	0.3066	0.2887	0.3101	0.2815	0.2789	0.2874
0.264	0.6647	0.4093	0.5962	0.4571	0.3041	0.3068	0.2958	0.2986	0.2798	0.2825	0.2893
0.274	0.3286	0.3169	0.3196	0.3461	0.3146	0.3028	0.2886	0.2971	0.283	0.288	0.2919
0.3007	0.327	0.3306	0.337	0.34	0.3329	0.3318	0.335	0.3371	0.3205	0.3092	0.3034

Old_D_7	Old_D_7	FluoOptima	09/06/2013 15:44:14
0.2755	0.283	0.2769	0.2684	0.2678	0.2769	0.2737	0.2591	0.2659	0.2677	0.2682	0.3012
0.2795	1.5362	1.5159	0.998	0.9983	0.7792	0.7471	0.628	0.539	0.4207	0.341	0.3022
0.2507	0.9035	0.9389	1.1351	0.6976	0.7441	0.671	0.5564	0.4756	0.3126	0.3122	0.2908
0.2575	0.6998	0.7108	0.6325	0.6321	0.692	0.5972	0.616	0.492	0.306	0.3096	0.2909
0.2523	0.5458	0.5219	0.4976	0.4958	0.4187	0.4655	0.4251	0.3681	0.2897	0.2846	0.2903
0.263	0.3936	0.3967	0.4019	0.5578	0.3922	0.4257	0.3327	0.3163	0.3004	0.2862	0.2867
0.2742	0.3237	0.3199	0.3247	0.3488	0.3437	0.3124	0.2771	0.3038	0.2787	0.2807	0.2891
0.3047	0.337	0.3302	0.3472	0.3436	0.3337	0.3308	0.3371	0.3321	0.3189	0.306	0.3046

Old_D_8	Old_D_8	FluoOptima	09/06/2013 15:56:12
0.2917	0.3013	0.2948	0.2776	0.2833	0.2903	0.2937	0.2845	0.3001	0.2958	0.2989	0.3002
0.2891	1.5031	1.5275	1.2903	1.1695	0.5464	0.7165	0.3943	0.4007	0.3833	0.349	0.3093
0.2681	0.9786	0.8752	0.8966	0.9581	0.9937	0.5414	0.3763	0.4125	0.3107	0.3094	0.2936
0.2707	0.6996	0.6836	0.6108	0.6289	0.6354	0.6735	0.5302	0.3799	0.312	0.319	0.2948
0.2675	0.5091	0.4921	0.4702	0.4685	0.4154	0.462	0.3989	0.3541	0.2945	0.2812	0.291
0.2684	0.415	0.4106	0.3907	0.4064	0.3726	0.3873	0.3501	0.3117	0.2788	0.2922	0.2866
0.2789	0.3162	0.3138	0.3083	0.3309	0.3133	0.3034	0.28	0.2836	0.2712	0.2785	0.2911
0.2941	0.3246	0.3204	0.3305	0.3361	0.3281	0.3349	0.339	0.3406	0.325	0.3093	0.3072

Old_D_9	Old_D_9	FluoOptima	09/06/2013 16:08:07
0.2895	0.2972	0.2889	0.2723	0.2676	0.2762	0.2781	0.2665	0.2749	0.2717	0.2822	0.2953
0.2895	1.2291	1.0418	1.0957	0.5535	0.4778	0.3407	0.3378	0.3576	0.3252	0.3448	0.3068
0.2667	1.0089	0.9064	0.9008	0.7284	0.4022	0.3116	0.3052	0.3211	0.2823	0.3119	0.2975
0.267	0.6848	0.7272	0.6021	0.5954	0.4217	0.3106	0.3093	0.3153	0.2949	0.3067	0.2968
0.2614	0.5333	0.5093	0.4491	0.5229	0.3914	0.2994	0.2896	0.2832	0.2666	0.2673	0.2955
0.2676	0.4168	0.4125	0.4002	0.4311	0.3565	0.2964	0.2796	0.2915	0.2657	0.2774	0.291
0.2738	0.3168	0.3124	0.3052	0.323	0.3079	0.2762	0.2679	0.2815	0.2688	0.2625	0.2904
0.2929	0.3281	0.3182	0.3275	0.3352	0.3293	0.3291	0.3381	0.3365	0.3231	0.3135	0.3089

Old_D_10	Old_D_10	FluoOptima	09/06/2013 16:20:05
0.3039	0.3496	0.2772	0.2813	0.2631	0.2769	0.2637	0.254	0.2407	0.4008	0.2873	0.3026
0.2969	1.4872	1.5692	1.2638	1.2079	0.6189	1.1111	1.2442	0.6044	0.5626	0.3604	0.3284
0.2707	1.1776	1.0272	0.9697	0.9521	0.7641	0.7275	0.7231	1.053	0.5469	0.3289	0.3171
0.2566	0.4315	0.7095	0.5724	0.7988	0.6347	0.5982	0.6108	0.5708	0.4635	0.3238	0.2933
0.2754	0.3531	0.3843	0.4037	0.4312	0.5584	0.4317	0.5256	0.5326	0.4258	0.2958	0.2914
0.2773	0.4355	0.3469	0.3651	0.4162	0.4071	0.4004	0.4028	0.4245	0.3726	0.2966	0.2932
0.2568	0.328	0.3237	0.3097	0.3313	0.3193	0.3156	0.2815	0.3028	0.2877	0.2701	0.3047
0.2854	0.3282	0.3283	0.3508	0.3592	0.3513	0.3441	0.3184	0.3548	0.3413	0.3339	0.3217

Old_D_11	Old_D_11	FluoOptima	09/06/2013 16:32:06
0.2948	0.3176	0.3031	0.2983	0.3064	0.3107	0.3073	0.306	0.3049	0.3092	0.2982	0.3091
0.29	1.428	1.3329	1.2057	0.9955	1.1794	1.1837	1.1436	0.5424	0.3767	0.3425	0.299
0.2708	0.9599	0.7179	0.8877	0.7346	0.6121	0.6579	0.7453	0.5451	0.3668	0.3113	0.2865
0.2834	0.6265	0.5998	0.5748	0.5525	0.4794	0.4533	0.4937	0.5011	0.3224	0.3107	0.2849
0.2747	0.4727	0.5204	0.5428	0.5995	0.3936	0.3901	0.4158	0.4392	0.3276	0.2931	0.2878
0.2747	0.6568	0.4059	0.4091	0.4482	0.3629	0.3624	0.3593	0.3742	0.3438	0.285	0.2829
0.2765	0.334	0.3204	0.3193	0.3378	0.3209	0.3091	0.2917	0.3041	0.2907	0.2842	0.2834
0.2998	0.3275	0.3271	0.3275	0.3364	0.3364	0.336	0.3353	0.3283	0.3109	0.3058	0.3086

Old_D_12	Old_D_12	FluoOptima	09/06/2013 16:44:07
0.2872	0.3094	0.2972	0.2884	0.2846	0.2933	0.2866	0.2835	0.2806	0.2903	0.2904	0.2931
0.2887	1.1294	0.4892	1.4595	0.706	0.6548	0.3385	0.4827	0.3508	0.3321	0.332	0.2927
0.2673	0.859	1.2548	0.6646	0.6149	0.6616	0.7592	0.3302	0.3128	0.2978	0.3021	0.2798
0.2746	0.6906	0.6959	0.7092	1.364	0.4355	0.3023	0.6541	0.3182	0.298	0.3001	0.2803
0.2701	0.5167	0.4811	0.4963	0.4868	0.7471	0.4641	0.2894	0.303	0.287	0.2774	0.2792
0.2772	0.5487	0.4042	0.3957	0.6316	0.4236	0.3477	0.3749	0.3103	0.2846	0.2807	0.2786
0.2824	0.3312	0.3105	0.3038	0.3246	0.3074	0.3269	0.2782	0.3007	0.2817	0.2681	0.2778
0.2948	0.3217	0.3115	0.3195	0.323	0.3242	0.3192	0.3265	0.3273	0.32	0.3009	0.2995

