Old_ND_1	Old_ND_1	FluoOptima	09/07/2013 11:29:59
0.2921	0.3182	0.3019	0.3026	0.3055	0.313	0.3069	0.3073	0.3153	0.3176	0.3019	0.3068
0.2982	1.4701	1.2866	1.092	0.3777	1.0429	0.3807	0.3545	0.3786	0.3589	0.3532	0.2956
0.2863	0.8245	0.8945	0.7418	0.3584	0.4516	0.4782	0.305	0.3258	0.308	0.3095	0.2847
0.2858	0.7294	0.7252	0.66	0.5854	0.8534	0.4562	0.3136	0.3292	0.2976	0.3098	0.288
0.2743	0.6048	0.5121	0.5381	0.4671	0.384	0.2836	0.2655	0.302	0.2808	0.2818	0.2855
0.2979	0.4881	0.4763	0.4928	0.4048	0.2864	0.2762	0.2848	0.2897	0.2763	0.2763	0.285
0.3029	0.3362	0.3231	0.3266	0.3478	0.2951	0.2974	0.2855	0.2928	0.2832	0.2731	0.2878
0.2941	0.3175	0.3094	0.3138	0.3228	0.3251	0.3218	0.3197	0.3217	0.3132	0.3009	0.3019

Old_ND_2	Old_ND_2	FluoOptima	09/07/2013 11:39:11
0.2984	0.3244	0.3075	0.2985	0.3056	0.3058	0.298	0.2925	0.3006	0.3164	0.2979	0.3098
0.303	1.2231	1.3337	0.3627	0.3848	0.5278	0.3688	0.3606	0.383	0.3702	0.3688	0.3019
0.2892	1.2469	1.027	0.7706	0.5412	0.3104	0.3145	0.314	0.3349	0.3173	0.3172	0.2915
0.292	0.8577	0.786	0.6727	0.5722	0.2903	0.3082	0.3069	0.3281	0.3082	0.3152	0.2896
0.2796	0.6474	0.5859	0.5435	0.5119	0.2488	0.2893	0.2814	0.3126	0.286	0.291	0.2842
0.294	0.4757	0.4647	0.4226	0.4307	0.3077	0.2825	0.2854	0.2999	0.2756	0.2843	0.2858
0.2954	0.3443	0.3034	0.3407	0.3146	0.2718	0.302	0.2769	0.2931	0.2876	0.2783	0.2878
0.2945	0.3152	0.3061	0.3096	0.3272	0.3205	0.3149	0.3218	0.3238	0.3152	0.3012	0.3078

Old_ND_3	Old_ND_3	FluoOptima	09/07/2013 11:48:24
0.2888	0.3032	0.302	0.295	0.2917	0.2893	0.2828	0.2755	0.2796	0.2889	0.2822	0.2967
0.2963	1.3032	1.1826	0.9955	0.3724	0.3563	0.3657	0.3565	0.3705	0.3601	0.358	0.2954
0.2821	0.9973	1.0172	0.6301	0.3218	0.3054	0.311	0.3031	0.3175	0.3061	0.3027	0.2815
0.2862	0.8288	0.7882	0.7477	0.7444	0.3004	0.2975	0.304	0.321	0.3072	0.3136	0.2858
0.282	0.5542	0.547	0.2814	0.2801	0.2812	0.2688	0.2745	0.2922	0.2731	0.2762	0.2881
0.2895	0.2989	0.4097	0.4276	0.3706	0.2931	0.2601	0.2613	0.2772	0.268	0.2763	0.2873
0.2871	0.301	0.2992	0.289	0.3722	0.2827	0.2632	0.2721	0.2914	0.2696	0.2556	0.2842
0.294	0.3169	0.3038	0.3094	0.317	0.3192	0.3141	0.3213	0.328	0.3158	0.3008	0.2998

Old_ND_4	Old_ND_4	FluoOptima	09/07/2013 11:57:36
0.2916	0.3207	0.3113	0.3031	0.3017	0.3093	0.3207	0.2944	0.3047	0.3066	0.2948	0.3053
0.3026	1.0924	0.3645	0.4784	0.3781	0.3585	0.3688	0.3591	0.3803	0.36	0.3643	0.3027
0.2798	1.2815	0.551	0.3115	0.3293	0.2931	0.301	0.305	0.3313	0.3146	0.317	0.2884
0.2812	0.8475	0.809	0.4469	0.3107	0.2938	0.3102	0.3	0.33	0.3093	0.3148	0.2877
0.2817	0.523	0.5594	0.492	0.2904	0.2751	0.2452	0.2634	0.2846	0.2887	0.2869	0.2888
0.2886	0.4361	0.4546	0.3902	0.393	0.2991	0.2922	0.2801	0.2974	0.28	0.2756	0.2865
0.299	0.3166	0.3093	0.2946	0.3389	0.2889	0.3015	0.2692	0.3019	0.2806	0.2835	0.2898
0.2905	0.3162	0.3087	0.3116	0.3219	0.3199	0.3162	0.3247	0.3249	0.3156	0.3011	0.3024

Old_ND_5	Old_ND_5	FluoOptima	09/07/2013 12:06:52
0.3001	0.3294	0.3154	0.3119	0.3143	0.3192	0.312	0.3127	0.3217	0.3229	0.3076	0.3056
0.2998	1.4941	0.6038	0.8443	0.3955	0.3693	0.3776	0.3649	0.3848	0.3686	0.3668	0.2975
0.2849	0.6276	0.3284	0.3207	0.5017	0.3208	0.3336	0.3181	0.338	0.3111	0.3209	0.2868
0.2905	0.6669	0.7759	0.4245	0.3245	0.3051	0.3162	0.3146	0.3301	0.311	0.3127	0.2878
0.2874	0.6306	0.5903	0.5025	0.3008	0.2936	0.3024	0.2849	0.3026	0.2764	0.2788	0.2895
0.2952	0.4497	0.3977	0.4038	0.4125	0.2799	0.2844	0.2882	0.2941	0.2826	0.2803	0.2865
0.3044	0.3111	0.3208	0.3	0.3314	0.3013	0.298	0.288	0.2999	0.2813	0.2741	0.2869
0.3005	0.321	0.3218	0.3292	0.3364	0.3359	0.328	0.335	0.3337	0.3241	0.3063	0.303

Old_ND_6	Old_ND_6	FluoOptima	09/07/2013 12:16:09
0.2986	0.2982	0.313	0.3088	0.3064	0.3133	0.3071	0.3074	0.3232	0.3221	0.3075	0.309
0.2985	0.3764	1.1639	0.3681	0.3831	0.3604	0.3724	0.3615	0.3834	0.375	0.3661	0.3042
0.287	0.3252	0.3382	0.3183	0.3298	0.3178	0.3311	0.3059	0.3397	0.3171	0.3221	0.2921
0.293	0.3133	0.3638	0.2998	0.319	0.3052	0.3185	0.3083	0.3347	0.313	0.3144	0.2939
0.2588	0.2928	0.3008	0.2908	0.3031	0.2926	0.3071	0.2883	0.3053	0.2859	0.2831	0.2959
0.296	0.3066	0.3077	0.2977	0.3161	0.299	0.2984	0.288	0.2909	0.2773	0.2805	0.2937
0.3056	0.3098	0.3095	0.2998	0.3217	0.3047	0.2964	0.2823	0.3029	0.2901	0.2771	0.2962
0.2963	0.3236	0.3169	0.3213	0.3336	0.3317	0.3325	0.3356	0.3384	0.3274	0.3111	0.3068

Old_ND_7	Old_ND_7	FluoOptima	09/07/2013 12:25:26
0.2922	0.3107	0.3005	0.2958	0.2968	0.3016	0.2979	0.2979	0.2978	0.3063	0.2921	0.3069
0.2967	1.4042	1.0809	1.0304	1.1788	0.4272	0.7679	0.3635	0.3894	0.3747	0.3673	0.3055
0.2851	0.9685	1.043	1.5856	0.6463	0.4624	0.3234	0.3119	0.3347	0.3218	0.3187	0.2919
0.2857	0.8373	0.758	0.6619	0.6291	0.3784	0.3128	0.3138	0.3335	0.3188	0.3202	0.2903
0.2833	0.5129	0.5557	0.6681	0.5699	0.6515	0.3843	0.4039	0.2985	0.2899	0.2877	0.2866
0.2924	0.462	0.4628	0.4055	0.4946	0.2841	0.2986	0.279	0.2827	0.2922	0.2881	0.2906
0.2994	0.3308	0.3064	0.2987	0.3202	0.2989	0.2854	0.2774	0.2981	0.2845	0.2826	0.2917
0.2955	0.322	0.3165	0.3221	0.3303	0.3303	0.3262	0.3307	0.3358	0.3259	0.3073	0.4792

Old_ND_8	Old_ND_8	FluoOptima	09/07/2013 12:34:43
0.2971	0.3186	0.3049	0.3012	0.3069	0.3125	0.3074	0.303	0.3132	0.3151	0.3022	0.307
0.2906	1.3438	1.3479	0.8716	0.3867	0.3616	0.3746	0.3627	0.3897	0.3706	0.3596	0.2999
0.2807	0.9283	0.8738	0.82	0.9136	0.3102	0.3295	0.3125	0.3394	0.3144	0.3158	0.2855
0.2887	0.8236	0.942	0.6984	0.6503	0.3023	0.3178	0.3082	0.3282	0.3124	0.3166	0.2853
0.2785	0.5349	0.6342	0.4879	0.4823	0.2887	0.2948	0.2753	0.3	0.2886	0.2831	0.2867
0.2928	0.406	0.4342	0.3933	0.4264	0.3336	0.2798	0.2813	0.2957	0.2853	0.28	0.2843
0.2958	0.307	0.3101	0.3021	0.3192	0.3094	0.3147	0.2822	0.2978	0.29	0.2699	0.2864
0.2946	0.3228	0.3158	0.3239	0.3379	0.3294	0.328	0.3363	0.3275	0.3212	0.3012	0.3

Old_ND_9	Old_ND_9	FluoOptima	09/07/2013 12:43:57
0.3044	0.3209	0.3267	0.3256	0.3283	0.332	0.3236	0.325	0.3369	0.3347	0.3227	0.3176
0.3076	1.3269	1.2685	1.0365	0.3945	0.3784	0.3867	0.3716	0.394	0.3772	0.3768	0.3121
0.292	1.2156	1.1213	0.9081	0.476	0.3295	0.3362	0.3276	0.3512	0.3199	0.3302	0.3
0.3017	0.8249	0.79	0.9904	0.5555	0.3148	0.3184	0.3204	0.3401	0.3189	0.326	0.3013
0.282	0.7819	0.7194	0.5379	0.5171	0.2949	0.3038	0.2952	0.3176	0.2971	0.2909	0.3004
0.2999	0.4291	0.7118	0.4035	0.436	0.2993	0.3064	0.2932	0.3027	0.2867	0.2878	0.304
0.3053	0.32	0.3163	0.3096	0.3334	0.3115	0.3183	0.2934	0.3079	0.2932	0.2787	0.2972
0.3075	0.3317	0.3314	0.3297	0.3411	0.335	0.3323	0.3405	0.3448	0.3336	0.317	0.3127

Old_ND_10	Old_ND_10	FluoOptima	09/07/2013 12:53:14
0.2955	0.3252	0.3091	0.3073	0.3115	0.3011	0.3077	0.3124	0.3193	0.3181	0.3059	0.3089
0.2861	1.434	0.5935	0.3642	1.2957	1.2679	1.1707	0.3517	0.381	0.3659	0.3658	0.3037
0.2848	1.013	0.9148	1.2943	0.6887	0.6663	0.7459	0.2951	0.3267	0.3135	0.3124	0.2905
0.2868	0.8151	0.7642	0.6855	0.6426	0.5671	0.5315	0.6053	0.3106	0.3101	0.3011	0.2915
0.2762	0.4981	0.4513	0.5687	0.4913	0.3667	0.3368	0.4465	0.2883	0.2897	0.2765	0.2908
0.2896	0.4144	0.3963	0.342	0.3805	0.3659	0.3834	0.2811	0.2682	0.2572	0.2703	0.2889
0.2983	0.3181	0.3162	0.3146	0.3347	0.2911	0.2952	0.2767	0.2836	0.2834	0.2761	0.2908
0.2956	0.324	0.3142	0.3173	0.3289	0.3252	0.3242	0.3252	0.3276	0.3155	0.307	0.3012

Old_ND_11	Old_ND_11	FluoOptima	09/07/2013 13:02:31
0.2986	0.3211	0.3114	0.308	0.3134	0.3151	0.3097	0.308	0.3187	0.3213	0.3042	0.3095
0.283	1.5523	0.9712	1.5837	1.4457	0.3612	0.3681	0.3561	0.377	0.3621	0.3629	0.3038
0.2686	1.0231	1.0085	0.9082	0.6643	0.6015	0.6843	0.314	0.3318	0.3127	0.3163	0.2897
0.2882	0.9011	0.7434	0.6232	0.4507	0.3034	0.4339	0.3046	0.3288	0.3158	0.3142	0.2915
0.2709	0.5005	0.5051	0.5488	0.5971	0.2903	0.2897	0.2866	0.3023	0.2912	0.2859	0.2878
0.2814	0.4085	0.4097	0.4201	0.4224	0.3596	0.2974	0.2782	0.2946	0.2839	0.2756	0.2887
0.3013	0.3332	0.3122	0.3116	0.3346	0.2928	0.2789	0.2869	0.2971	0.2895	0.2759	0.2881
0.2988	0.3278	0.3246	0.3277	0.3398	0.3338	0.3306	0.3338	0.3345	0.3209	0.3035	0.3031

Old_ND_12	Old_ND_12	FluoOptima	09/07/2013 13:11:50
0.2988	0.3033	0.3101	0.3125	0.3128	0.3208	0.3104	0.3111	0.3138	0.3202	0.3043	0.3086
0.3049	1.6595	1.1356	0.3595	0.3808	0.3578	0.3634	0.3574	0.3805	0.3663	0.3603	0.3006
0.2699	0.9856	0.9712	0.7021	0.3263	0.2885	0.3115	0.3082	0.3322	0.3076	0.3096	0.2874
0.2826	0.7337	0.8666	0.2999	0.8255	0.2992	0.3176	0.3051	0.3261	0.3068	0.2903	0.2892
0.2721	0.5288	0.5178	0.5197	0.298	0.2832	0.2991	0.2726	0.305	0.2773	0.2854	0.2899
0.2846	0.3957	0.4039	0.3711	0.4566	0.2734	0.2796	0.2774	0.2753	0.2715	0.2628	0.2879
0.3019	0.3202	0.3179	0.2999	0.3176	0.3022	0.2921	0.2685	0.295	0.2813	0.2633	0.2883
0.2962	0.3209	0.3129	0.3169	0.3261	0.325	0.3176	0.3246	0.3238	0.3171	0.3034	0.3038

