Old_D_1	Old_D_1	FluoOptima	09/07/2013 13:37:42
0.2971	0.298	0.3119	0.3133	0.3137	0.3219	0.3131	0.3156	0.3244	0.3194	0.3076	0.3065
0.3082	1.2798	0.5941	0.9404	0.8112	0.6307	0.4052	0.3645	0.3786	0.3619	0.3594	0.2961
0.293	0.9094	0.8366	0.7812	0.8268	0.3922	0.4482	0.3098	0.3234	0.2949	0.3091	0.2873
0.2906	0.6953	0.7807	0.592	0.3796	0.6002	0.551	0.3072	0.3376	0.3086	0.3076	0.2945
0.2864	0.4995	0.5704	0.5947	0.4524	0.4386	0.4109	0.3841	0.3112	0.2874	0.2552	0.2863
0.2983	0.4446	0.4627	0.4434	0.4164	0.3283	0.3035	0.2933	0.2682	0.2838	0.253	0.2827
0.3077	0.3218	0.3229	0.3329	0.3384	0.3168	0.3141	0.2892	0.3092	0.259	0.2739	0.291
0.298	0.3233	0.3106	0.3171	0.3254	0.324	0.3231	0.3242	0.3218	0.3135	0.3033	0.3019

Old_D_2	Old_D_2	FluoOptima	09/07/2013 13:49:34
0.285	0.2736	0.289	0.2798	0.2785	0.2945	0.2906	0.2857	0.2854	0.3006	0.2866	0.293
0.2914	1.1617	1.0486	0.8555	0.5983	0.4672	0.4395	0.347	0.3637	0.3592	0.3474	0.2927
0.2739	0.9295	0.9411	0.8126	0.5087	0.6326	0.3066	0.2856	0.3243	0.2965	0.2835	0.2843
0.2814	0.8021	0.7871	0.6593	0.5386	0.468	0.283	0.2704	0.3006	0.2975	0.2857	0.2794
0.2695	0.5617	0.5623	0.5835	0.5419	0.5151	0.2542	0.2478	0.2529	0.2265	0.2417	0.2771
0.2795	0.4451	0.4357	0.4457	0.4391	0.292	0.3147	0.3157	0.2764	0.2571	0.2419	0.2748
0.2896	0.3177	0.3094	0.303	0.3244	0.2982	0.2307	0.2406	0.2765	0.2339	0.2686	0.2783
0.2851	0.3079	0.2965	0.3014	0.3128	0.3104	0.3088	0.3127	0.315	0.3062	0.2927	0.2927

Old_D_3	Old_D_3	FluoOptima	09/07/2013 14:01:27
0.2958	0.31	0.3144	0.3135	0.3112	0.318	0.308	0.3083	0.3124	0.3168	0.3034	0.3062
0.2953	1.3422	1.1842	1.5727	0.5904	0.4842	0.4001	0.3829	0.386	0.3802	0.3658	0.2996
0.2599	0.9228	0.8867	0.8562	0.5626	0.4528	0.3396	0.3154	0.3353	0.3215	0.3045	0.2882
0.2889	0.7898	0.7573	0.7462	0.8498	0.463	0.3168	0.3096	0.3304	0.3132	0.2987	0.2887
0.2774	0.6128	0.6099	0.502	0.4952	0.3238	0.2853	0.2828	0.3009	0.2758	0.264	0.286
0.2791	0.5088	0.4862	0.4478	0.4067	0.3373	0.3014	0.2854	0.2977	0.2822	0.2672	0.2851
0.2854	0.3093	0.305	0.2975	0.3198	0.299	0.2614	0.274	0.288	0.2786	0.2672	0.2861
0.2982	0.3197	0.3177	0.319	0.3297	0.3279	0.3261	0.3343	0.3365	0.3271	0.307	0.3032

Old_D_4	Old_D_4	FluoOptima	09/07/2013 14:13:21
0.2938	0.2909	0.3025	0.2967	0.2867	0.2933	0.2922	0.2822	0.2949	0.2998	0.2848	0.3005
0.3028	1.2469	1.0389	0.6001	0.4317	0.3602	0.3688	0.3575	0.3845	0.3684	0.3664	0.2991
0.2833	0.9125	0.8395	0.5529	0.432	0.3079	0.3125	0.3118	0.3363	0.3169	0.3098	0.2875
0.2907	0.7771	0.7202	0.5904	0.4245	0.2874	0.3169	0.315	0.3335	0.3154	0.3195	0.2875
0.2853	0.54	0.5135	0.5132	0.4792	0.3695	0.302	0.2828	0.309	0.2926	0.2805	0.2871
0.2968	0.4124	0.4007	0.4145	0.4337	0.3025	0.31	0.2897	0.3073	0.2817	0.2861	0.2805
0.291	0.3217	0.3211	0.3037	0.3308	0.3057	0.3155	0.2668	0.3083	0.2786	0.2855	0.289
0.2942	0.3209	0.3117	0.3157	0.3244	0.323	0.3217	0.331	0.3275	0.3171	0.3009	0.3056

Old_D_5	Old_D_5	FluoOptima	09/07/2013 14:25:19
0.304	0.2881	0.3117	0.3077	0.309	0.313	0.3094	0.3076	0.3093	0.3192	0.3076	0.3079
0.311	1.2127	0.7223	0.6717	0.4401	0.3633	0.3697	0.3583	0.3773	0.3656	0.3624	0.2991
0.2966	1.0353	0.9798	0.74	0.3822	0.3212	0.3291	0.3144	0.3281	0.3153	0.3124	0.288
0.2934	0.7352	0.7364	0.7512	0.38	0.3089	0.3162	0.3056	0.3233	0.309	0.3119	0.285
0.2875	0.5511	0.5501	0.5419	0.4852	0.3245	0.3069	0.2909	0.3078	0.2898	0.2835	0.2867
0.2923	0.4273	0.4076	0.4137	0.4198	0.3019	0.3066	0.291	0.3068	0.2906	0.2893	0.2832
0.3035	0.3201	0.313	0.3064	0.3358	0.3073	0.3096	0.2984	0.3066	0.293	0.2861	0.2818
0.3002	0.3237	0.3139	0.315	0.3268	0.3212	0.3196	0.3228	0.324	0.3139	0.2975	0.2993

Old_D_6	Old_D_6	FluoOptima	09/07/2013 14:37:17
0.2878	0.3036	0.294	0.2855	0.2798	0.284	0.2824	0.276	0.2785	0.2916	0.281	0.2944
0.2859	1.1397	1.204	0.8888	0.5221	0.3562	0.3667	0.3522	0.3721	0.362	0.356	0.2975
0.2635	0.6971	0.6818	0.5864	0.5099	0.3286	0.3161	0.3052	0.3283	0.312	0.3142	0.2895
0.2701	0.6506	0.6248	0.5202	0.5029	0.352	0.313	0.3039	0.3243	0.304	0.3129	0.2885
0.2642	0.4838	0.5244	0.5101	0.4035	0.3267	0.3029	0.2846	0.304	0.2889	0.2838	0.2881
0.2713	0.3726	0.3971	0.4069	0.3781	0.3187	0.3053	0.2872	0.3047	0.2923	0.2829	0.2891
0.2909	0.3048	0.3018	0.298	0.3175	0.3046	0.3032	0.2811	0.3074	0.2851	0.3251	0.284
0.2944	0.3222	0.3073	0.3159	0.3208	0.3209	0.3185	0.3254	0.3232	0.3129	0.301	0.2932

Old_D_7	Old_D_7	FluoOptima	09/07/2013 14:49:16
0.2878	0.2984	0.2988	0.2914	0.2923	0.2985	0.2866	0.2877	0.2899	0.296	0.2863	0.2965
0.2929	1.3911	1.1805	1.2026	1.24	0.6596	1.1366	0.6471	0.3739	0.3501	0.3558	0.2927
0.2767	0.9343	0.9574	0.9642	0.6634	0.3442	0.6566	0.6896	0.3282	0.3078	0.3072	0.2805
0.2837	0.7138	0.8058	0.6484	0.6424	0.6645	0.5204	0.5501	0.3198	0.2761	0.293	0.2836
0.2736	0.4859	0.504	0.4824	0.4716	0.3988	0.4508	0.3859	0.3387	0.27	0.2403	0.2838
0.2883	0.4242	0.3834	0.3837	0.417	0.3545	0.3671	0.3601	0.3203	0.2615	0.2517	0.2792
0.2918	0.3296	0.3182	0.3011	0.3235	0.2632	0.2605	0.2379	0.2728	0.23	0.2536	0.2799
0.2917	0.3187	0.3096	0.3156	0.3259	0.32	0.3127	0.3189	0.3196	0.3109	0.2958	0.2995

Old_D_8	Old_D_8	FluoOptima	09/07/2013 15:01:15
0.2996	0.306	0.3232	0.3087	0.3079	0.3112	0.3038	0.3012	0.3078	0.3155	0.2958	0.2996
0.3163	1.1163	0.9112	0.8899	0.4538	0.4349	0.3736	0.3505	0.3785	0.3589	0.3546	0.2953
0.2995	0.9028	0.8733	0.7201	0.3899	0.3654	0.4796	0.3047	0.3081	0.3052	0.3035	0.2856
0.3013	0.641	0.6347	0.7753	0.7423	0.3402	0.2618	0.266	0.294	0.2812	0.2913	0.2842
0.2952	0.4967	0.4865	0.6001	0.4858	0.5821	0.2577	0.2362	0.2334	0.241	0.2393	0.2845
0.3047	0.4543	0.4232	0.419	0.429	0.2594	0.3318	0.2467	0.2645	0.2649	0.256	0.2842
0.3082	0.3483	0.3276	0.3178	0.3333	0.2886	0.3014	0.2448	0.2734	0.2477	0.2529	0.2845
0.305	0.3332	0.3212	0.3255	0.3357	0.3291	0.3268	0.3336	0.3332	0.3196	0.307	0.3018

Old_D_9	Old_D_9	FluoOptima	09/07/2013 15:13:12
0.2988	0.2895	0.3069	0.3059	0.2956	0.3049	0.2976	0.2946	0.3039	0.3066	0.3035	0.3063
0.3056	1.211	1.2341	0.8704	0.4935	0.3696	0.3686	0.3579	0.3776	0.3618	0.3521	0.2982
0.2916	0.9918	0.964	0.8752	0.5188	0.3604	0.3193	0.2963	0.3089	0.3034	0.3017	0.2849
0.2949	0.6848	0.7242	0.7921	0.5647	0.2972	0.3195	0.3029	0.3081	0.3086	0.3007	0.2844
0.2929	0.4604	0.5389	0.4825	0.4953	0.2906	0.2767	0.2919	0.2614	0.284	0.2445	0.2845
0.2988	0.4224	0.4222	0.3804	0.4081	0.3489	0.2568	0.2493	0.2677	0.2548	0.256	0.2819
0.3045	0.3126	0.3081	0.2996	0.3207	0.2854	0.2768	0.2859	0.3012	0.2648	0.2478	0.2807
0.3017	0.3256	0.3181	0.3191	0.3308	0.3262	0.3211	0.3274	0.3291	0.3151	0.3051	0.3003

Old_D_10	Old_D_10	FluoOptima	09/07/2013 15:25:10
0.3056	0.2818	0.3152	0.3038	0.3028	0.3113	0.2687	0.2729	0.2966	0.3077	0.2963	0.2994
0.2958	1.2877	1.2036	1.4782	0.9193	1.1069	1.1395	0.9999	0.5593	0.4645	0.3506	0.2894
0.3024	1.0314	0.8409	1.0872	0.7208	0.6122	0.6206	0.6402	0.5667	0.4651	0.3108	0.2799
0.3009	0.6072	0.695	0.4578	0.6188	0.4921	0.4302	0.9427	0.6114	0.5053	0.3104	0.2792
0.2948	0.474	0.5004	0.5797	0.4751	0.3995	0.455	0.4152	0.4261	0.4212	0.2708	0.2772
0.3036	0.3901	0.4415	0.4078	0.3981	0.3697	0.3685	0.3772	0.3784	0.3428	0.274	0.2805
0.309	0.3364	0.3229	0.316	0.3351	0.3171	0.3175	0.2929	0.3008	0.2749	0.2532	0.2788
0.3074	0.3312	0.3207	0.3263	0.3352	0.3338	0.3295	0.3349	0.3328	0.3181	0.2981	0.299

Old_D_11	Old_D_11	FluoOptima	09/07/2013 15:37:10
0.3017	0.3015	0.3094	0.3073	0.3032	0.3135	0.3015	0.2904	0.3011	0.3124	0.2975	0.303
0.3117	1.4014	1.597	1.3257	1.4543	0.7803	0.444	0.3624	0.3809	0.3683	0.3624	0.2989
0.2991	0.9491	0.9638	1.1234	1.0941	0.9994	0.4359	0.3189	0.3317	0.3128	0.3151	0.2833
0.289	0.7629	0.9506	0.6403	0.6618	0.7177	0.4848	0.3118	0.3262	0.3069	0.3133	0.2796
0.2928	0.6336	0.5418	0.5254	0.4801	0.4993	0.35	0.2983	0.311	0.292	0.2814	0.3385
0.2991	0.4084	0.4058	0.4263	0.4373	0.4125	0.3416	0.2962	0.297	0.2894	0.2782	0.2784
0.3038	0.3294	0.3194	0.3149	0.3406	0.3106	0.3053	0.2933	0.3039	0.2883	0.2807	0.279
0.2998	0.3251	0.3152	0.3201	0.332	0.3244	0.3167	0.3273	0.3279	0.3092	0.2965	0.2957

Old_D_12	Old_D_12	FluoOptima	09/07/2013 15:49:09
0.3011	0.3103	0.3078	0.2968	0.2967	0.3008	0.3005	0.3012	0.2959	0.3067	0.2896	0.2982
0.3093	0.9505	1.4617	1.4534	1.4265	1.6605	0.7528	0.6095	0.4934	0.4702	0.3565	0.2954
0.2918	1.1202	1.2419	1.271	1.0721	1.1345	1.1651	0.5184	0.4771	0.4283	0.3124	0.2837
0.292	0.814	0.8339	0.7528	0.7003	0.8572	0.9897	0.5314	0.49	0.4329	0.3084	0.2825
0.2917	0.5118	0.5315	0.5415	0.4813	0.4851	0.4531	0.4036	0.421	0.3755	0.2862	0.282
0.3023	0.4385	0.4109	0.4286	0.4455	0.4238	0.3976	0.374	0.3711	0.3517	0.2887	0.2786
0.3067	0.3408	0.3321	0.3257	0.34	0.3175	0.3239	0.2988	0.3084	0.2875	0.2637	0.278
0.3049	0.3325	0.3225	0.3304	0.3336	0.327	0.326	0.3314	0.3352	0.3186	0.3018	0.3036

