Old_ND_1	Old_ND_1	FluoOptima	08/23/2013 11:38:08
0.3037	0.3095	0.3229	0.3221	0.3216	0.3284	0.3147	0.3181	0.322	0.32	0.3077	0.3051
0.3203	1.231	1.1166	1.0473	0.3562	0.6589	0.7917	0.3329	0.3502	0.3337	0.3292	0.2979
0.3063	1.1292	1.1	0.9251	0.614	0.432	0.3855	0.3018	0.3184	0.3029	0.3027	0.284
0.2999	0.7355	0.7302	0.7301	0.6095	0.3704	0.4535	0.2844	0.2948	0.2962	0.3053	0.2849
0.297	0.5895	0.5465	0.6683	0.4451	0.562	0.285	0.2712	0.2875	0.2856	0.2755	0.2798
0.3017	0.4966	0.4476	0.4731	0.4094	0.2773	0.2805	0.2723	0.2873	0.2741	0.2743	0.2799
0.3103	0.3479	0.3288	0.3282	0.3288	0.2983	0.2781	0.2691	0.2888	0.2771	0.2749	0.2815
0.3056	0.324	0.3128	0.3154	0.3199	0.3198	0.3115	0.3146	0.3165	0.3101	0.2953	0.2979

Old_ND_2	Old_ND_2	FluoOptima	08/23/2013 11:47:33
0.2993	0.3296	0.3194	0.3131	0.3113	0.316	0.3043	0.3103	0.3119	0.3009	0.2943	0.2991
0.3176	1.2055	1.1863	0.3436	0.3466	0.7577	0.3388	0.3255	0.3433	0.3247	0.3255	0.2915
0.3064	1.1314	1.0016	1.0501	0.4846	0.292	0.3046	0.2834	0.3166	0.2987	0.2991	0.2787
0.3018	0.7911	0.8435	0.7365	0.5713	0.2797	0.2891	0.2855	0.3089	0.2829	0.2873	0.2805
0.295	0.689	0.5746	0.5297	0.7371	0.2614	0.2817	0.2632	0.2868	0.283	0.266	0.2741
0.3035	0.4711	0.4749	0.4321	0.4502	0.2776	0.2697	0.2627	0.2627	0.2614	0.2709	0.2756
0.3089	0.3534	0.3028	0.3408	0.3058	0.2678	0.2753	0.2782	0.2836	0.2642	0.27	0.2771
0.304	0.3214	0.3096	0.3107	0.3152	0.3157	0.3045	0.3101	0.3092	0.3049	0.2892	0.2956

Old_ND_3	Old_ND_3	FluoOptima	08/23/2013 11:57:00
0.3096	0.3369	0.322	0.3237	0.3185	0.3241	0.3172	0.3136	0.3182	0.3118	0.3046	0.3027
0.3199	1.1853	1.1713	0.9154	0.3502	0.3351	0.3432	0.327	0.3461	0.3285	0.3255	0.2922
0.3081	1.1569	0.916	0.6412	0.3184	0.2913	0.3013	0.2935	0.3135	0.2984	0.2991	0.2807
0.2991	0.8667	0.7235	0.778	0.5418	0.2677	0.2871	0.2863	0.3066	0.2839	0.2856	0.2799
0.298	0.5542	0.5537	0.29	0.2966	0.2751	0.2794	0.2664	0.292	0.2587	0.276	0.2759
0.303	0.3064	0.4046	0.4365	0.4196	0.2642	0.2713	0.2618	0.2558	0.2611	0.2743	0.2741
0.307	0.3102	0.3047	0.2997	0.3042	0.2725	0.2732	0.2711	0.2913	0.2818	0.2694	0.2761
0.3058	0.3243	0.3126	0.3132	0.3184	0.317	0.309	0.3146	0.3148	0.2997	0.2924	0.2951

Old_ND_4	Old_ND_4	FluoOptima	08/23/2013 12:06:27
0.3217	0.3586	0.3374	0.341	0.329	0.3353	0.3282	0.3255	0.3304	0.331	0.3186	0.318
0.3342	0.8439	0.355	0.4985	0.3604	0.346	0.3566	0.3376	0.3547	0.3418	0.341	0.3063
0.3214	1.1904	0.5138	0.319	0.3336	0.303	0.3103	0.3028	0.3252	0.3085	0.3153	0.2935
0.3176	0.9985	0.8434	0.4288	0.3345	0.2824	0.3043	0.2958	0.3207	0.2986	0.2989	0.2937
0.3112	0.5679	0.5565	0.514	0.3144	0.2943	0.2963	0.2797	0.2984	0.2951	0.2885	0.2898
0.3162	0.4444	0.4651	0.3955	0.4075	0.2843	0.2871	0.2768	0.3046	0.2843	0.2837	0.2911
0.3236	0.3462	0.3383	0.3155	0.3616	0.3026	0.3062	0.2844	0.3007	0.3103	0.2841	0.2898
0.3169	0.3389	0.3268	0.3288	0.3386	0.3276	0.3214	0.325	0.3222	0.3179	0.3026	0.3046

Old_ND_5	Old_ND_5	FluoOptima	08/23/2013 12:15:57
0.3091	0.3371	0.321	0.3232	0.3226	0.3262	0.3136	0.3159	0.3209	0.3174	0.3069	0.3023
0.3189	1.6189	0.5416	0.6082	0.3527	0.3333	0.3432	0.3268	0.3461	0.3282	0.3245	0.2921
0.307	0.5775	0.318	0.3053	0.4497	0.2828	0.3049	0.2886	0.3053	0.2971	0.3018	0.2818
0.2988	0.6335	0.9695	0.4498	0.3178	0.2771	0.2902	0.2823	0.3075	0.2823	0.2928	0.2818
0.2988	0.5458	0.5636	0.6047	0.2986	0.2792	0.2904	0.262	0.2792	0.2578	0.2753	0.276
0.3038	0.4031	0.3926	0.5159	0.4066	0.2551	0.2754	0.2639	0.2855	0.2658	0.2732	0.2738
0.3084	0.3104	0.3124	0.2998	0.3214	0.2911	0.2774	0.2698	0.2816	0.2957	0.2662	0.2772
0.3043	0.3251	0.3125	0.313	0.3191	0.3156	0.308	0.3111	0.311	0.2998	0.2936	0.2964

Old_ND_6	Old_ND_6	FluoOptima	08/23/2013 12:25:27
0.2965	0.3112	0.3015	0.2946	0.3002	0.3053	0.2992	0.2912	0.3003	0.3041	0.2931	0.2961
0.3107	0.3429	0.7379	0.3345	0.3437	0.3297	0.3376	0.3182	0.3364	0.321	0.317	0.2854
0.2997	0.3143	0.318	0.3001	0.3133	0.2859	0.2979	0.2902	0.3112	0.294	0.2902	0.2752
0.2916	0.3086	0.307	0.2872	0.3087	0.2718	0.2795	0.283	0.3024	0.2851	0.2842	0.2762
0.292	0.2904	0.2949	0.2842	0.2934	0.2749	0.271	0.2602	0.2916	0.2647	0.2657	0.2722
0.2973	0.3025	0.3019	0.2895	0.3015	0.2729	0.2715	0.2676	0.2765	0.2681	0.2681	0.2679
0.3011	0.3051	0.3014	0.2916	0.3018	0.2686	0.2805	0.2805	0.2803	0.2716	0.2626	0.2726
0.2974	0.3165	0.3051	0.3075	0.3101	0.3103	0.3024	0.3053	0.3062	0.3009	0.2862	0.29

Old_ND_7	Old_ND_7	FluoOptima	08/23/2013 12:34:57
0.3076	0.3367	0.3219	0.3227	0.3177	0.3245	0.3159	0.3157	0.3201	0.315	0.3037	0.2999
0.3176	1.3001	0.9824	0.7042	2.1454	0.5704	0.8	0.3288	0.3468	0.3297	0.3252	0.2904
0.305	0.9684	0.8253	1.4303	0.8398	1.1115	0.7928	0.2997	0.3094	0.2983	0.2991	0.2775
0.2976	0.8144	0.7761	0.9394	0.7192	1.5775	0.2975	0.2825	0.3074	0.284	0.2844	0.2787
0.2955	0.4832	0.5556	0.642	0.506	0.3619	0.3106	0.3478	0.2629	0.2621	0.2666	0.2736
0.2997	0.4873	0.4043	0.3873	0.5035	0.2632	0.2709	0.2592	0.2847	0.2634	0.2703	0.2719
0.3059	0.3364	0.3032	0.299	0.3116	0.3024	0.2743	0.2811	0.2806	0.28	0.2636	0.2755
0.3039	0.3272	0.3149	0.3113	0.3174	0.317	0.3097	0.3149	0.3125	0.3007	0.2909	0.2947

Old_ND_8	Old_ND_8	FluoOptima	08/23/2013 12:44:30
0.308	0.3364	0.3222	0.3209	0.3202	0.3237	0.3128	0.3094	0.3191	0.3099	0.3032	0.3058
0.3148	1.2287	1.0678	1.0654	0.3579	0.3368	0.3441	0.3278	0.3439	0.3279	0.3276	0.296
0.3074	1.1478	1.1221	0.9048	0.6122	0.2872	0.3067	0.2932	0.3101	0.2965	0.3019	0.2824
0.3008	0.7505	0.7456	0.6941	0.75	0.7649	0.2921	0.2867	0.2913	0.2937	0.2851	0.2815
0.2981	0.6505	0.6439	0.4608	0.459	0.2781	0.2782	0.2656	0.2879	0.2656	0.2709	0.2785
0.3051	0.4028	0.4379	0.4026	0.438	0.4034	0.2814	0.2647	0.2968	0.2659	0.2724	0.2771
0.309	0.3096	0.3088	0.3019	0.3169	0.2846	0.284	0.2749	0.2905	0.2852	0.2733	0.282
0.3055	0.3238	0.3115	0.3124	0.3195	0.3201	0.3119	0.3154	0.3123	0.3077	0.2948	0.2976

Old_ND_9	Old_ND_9	FluoOptima	08/23/2013 12:53:57
0.2998	0.3321	0.3186	0.3187	0.3178	0.3246	0.3139	0.3101	0.3157	0.3105	0.2996	0.3018
0.316	1.4885	0.5161	1.1059	0.3543	0.3359	0.3409	0.3294	0.3443	0.33	0.3252	0.2928
0.3038	1.0434	1.0339	0.5395	0.3773	0.2978	0.3073	0.3077	0.3162	0.3011	0.2977	0.2808
0.2991	0.9222	0.7927	0.7491	0.5189	0.2896	0.2932	0.2891	0.3007	0.3027	0.3006	0.2808
0.2951	0.7864	0.7606	0.5263	0.5206	0.2726	0.2862	0.264	0.2959	0.2786	0.269	0.2753
0.3007	0.4083	0.3913	0.3882	0.3898	0.2803	0.2801	0.2803	0.3055	0.2758	0.2747	0.2768
0.3079	0.3086	0.2996	0.2963	0.3157	0.2908	0.2916	0.2793	0.2935	0.281	0.2683	0.2779
0.3018	0.321	0.3079	0.3098	0.3179	0.3153	0.3051	0.3103	0.307	0.3057	0.2901	0.2942

Old_ND_10	Old_ND_10	FluoOptima	08/23/2013 13:03:25
0.3154	0.3364	0.3232	0.3182	0.2794	0.2856	0.2777	0.3165	0.3273	0.3293	0.315	0.3126
0.3266	1.5214	0.6851	0.4361	1.2229	1.2084	1.1714	0.3131	0.3523	0.3341	0.332	0.3011
0.3165	0.9121	0.8014	0.8913	0.6416	0.6607	0.7036	0.2949	0.3157	0.3066	0.3054	0.2893
0.3103	0.9811	0.8109	0.6606	0.8814	0.5635	0.4978	0.5166	0.31	0.3028	0.2899	0.2902
0.3046	0.5038	0.646	0.547	0.5737	0.3689	0.3585	0.4265	0.2873	0.2702	0.2746	0.287
0.3167	0.4181	0.3794	0.3974	0.3951	0.34	0.3903	0.2688	0.2958	0.2763	0.2791	0.2854
0.3175	0.3311	0.3251	0.3219	0.3348	0.2999	0.2959	0.2764	0.2947	0.2761	0.2732	0.2866
0.3124	0.3318	0.3214	0.3203	0.326	0.3261	0.3176	0.3191	0.3206	0.3162	0.3021	0.3057

Old_ND_11	Old_ND_11	FluoOptima	08/23/2013 13:12:57
0.3013	0.3073	0.2976	0.3007	0.2958	0.3056	0.3006	0.2982	0.3084	0.3078	0.3015	0.2993
0.3159	1.4053	1.0351	1.1897	1.3407	0.333	0.3401	0.3237	0.3428	0.3255	0.3219	0.2924
0.3052	1.0627	1.0467	0.8434	0.6683	0.6242	0.6255	0.2967	0.3105	0.2996	0.3048	0.2798
0.296	0.9663	0.7845	0.5795	0.44	0.284	0.4496	0.2746	0.3149	0.2805	0.2908	0.2835
0.2955	0.5182	0.5041	0.5614	0.6794	0.2899	0.2803	0.2612	0.2782	0.2831	0.283	0.2744
0.3019	0.3982	0.4011	0.3837	0.407	0.3394	0.2779	0.2625	0.3026	0.274	0.2756	0.2731
0.3063	0.3396	0.325	0.3139	0.3234	0.2831	0.2766	0.2703	0.2898	0.2842	0.2742	0.2764
0.302	0.3203	0.3094	0.3105	0.3159	0.314	0.3075	0.3101	0.3108	0.3008	0.292	0.294

Old_ND_12	Old_ND_12	FluoOptima	08/23/2013 13:22:30
0.3069	0.3411	0.329	0.3337	0.3253	0.3304	0.3187	0.3167	0.3243	0.3125	0.2968	0.3049
0.3224	1.376	1.1304	0.3421	0.3554	0.3371	0.3433	0.3329	0.3435	0.3301	0.3294	0.2951
0.3069	1.0864	1.3179	0.6917	0.3236	0.3063	0.3131	0.2972	0.3191	0.2966	0.2986	0.2848
0.2501	0.7331	0.7102	0.2973	0.9424	0.3015	0.2993	0.3028	0.3164	0.2981	0.2963	0.2842
0.2978	0.561	0.7024	0.5012	0.3031	0.2808	0.2836	0.2666	0.2838	0.279	0.28	0.2782
0.3026	0.4009	0.3909	0.3759	0.3686	0.2821	0.273	0.2731	0.3015	0.273	0.2752	0.2856
0.3109	0.3333	0.3221	0.3007	0.3135	0.3089	0.2752	0.2722	0.2919	0.2832	0.2738	0.2792
0.3016	0.3308	0.3178	0.3162	0.3197	0.3213	0.3098	0.3134	0.3135	0.3113	0.2931	0.295

