Old_D_1	Old_D_1	FluoOptima	08/23/2013 13:38:14
0.306	0.3276	0.3146	0.3106	0.3142	0.3242	0.3202	0.3149	0.3225	0.3151	0.3064	0.3018
0.3152	1.217	0.6837	0.5147	0.5283	0.4634	0.3578	0.3248	0.3411	0.3236	0.3206	0.2922
0.3043	1.0114	0.8633	0.6309	0.544	0.4325	0.4997	0.2693	0.3136	0.2739	0.2724	0.2812
0.3005	0.6952	0.7171	0.683	0.5057	0.9408	0.3551	0.286	0.3161	0.2941	0.2771	0.2809
0.2948	0.469	0.6008	0.5117	0.5013	0.3355	0.2765	0.2665	0.2944	0.2819	0.2763	0.2758
0.3046	0.4164	0.4399	0.3931	0.4033	0.3892	0.273	0.2541	0.2936	0.2679	0.2794	0.2757
0.3085	0.3266	0.3311	0.3184	0.3295	0.3092	0.2951	0.275	0.2924	0.2715	0.2464	0.2791
0.3029	0.3205	0.3129	0.3134	0.3165	0.316	0.3102	0.3124	0.3111	0.306	0.2968	0.2966

Old_D_2	Old_D_2	FluoOptima	08/23/2013 13:50:34
0.3006	0.3171	0.3001	0.3063	0.304	0.3209	0.3168	0.3143	0.3216	0.3161	0.3053	0.2983
0.3155	1.094	0.9821	0.8491	0.6988	0.7236	0.3294	0.3251	0.3417	0.3266	0.3246	0.2922
0.3044	0.872	0.7874	0.8764	0.5125	0.7353	0.3134	0.3009	0.3158	0.2987	0.2992	0.2796
0.2987	0.7932	0.8392	0.6953	0.5918	0.3139	0.3174	0.3046	0.3151	0.2976	0.3006	0.2817
0.2964	0.5835	0.5998	0.5575	0.5173	0.4539	0.3125	0.2884	0.3079	0.287	0.2837	0.277
0.3032	0.5178	0.4458	0.4557	0.4528	0.3448	0.3059	0.2902	0.3085	0.2886	0.2853	0.2934
0.3079	0.3441	0.3332	0.3186	0.3389	0.308	0.3082	0.2947	0.3109	0.2979	0.2892	0.2847
0.3039	0.3231	0.3138	0.3117	0.3172	0.3165	0.3105	0.3138	0.3118	0.3036	0.2964	0.2978

Old_D_3	Old_D_3	FluoOptima	08/23/2013 14:02:52
0.2972	0.3125	0.3074	0.3053	0.3106	0.3178	0.3077	0.3106	0.3155	0.3113	0.3002	0.2987
0.3132	1.2012	1.2529	1.0477	0.505	0.3334	0.3393	0.3239	0.3397	0.3262	0.3208	0.2892
0.301	0.8687	0.7845	0.7123	0.5913	0.3339	0.3126	0.2961	0.3159	0.2968	0.2977	0.2789
0.2974	0.6625	0.6211	0.6225	0.5882	0.3154	0.3124	0.3033	0.312	0.2942	0.2974	0.28
0.2913	0.6374	0.5865	0.4427	0.4981	0.3162	0.3041	0.2853	0.3054	0.2798	0.2772	0.2748
0.3004	0.4565	0.4783	0.3843	0.3859	0.357	0.3018	0.2868	0.3062	0.2806	0.2796	0.2756
0.3041	0.3092	0.3052	0.2986	0.3146	0.3045	0.3084	0.2913	0.3045	0.2904	0.2906	0.2782
0.3017	0.3215	0.3118	0.3111	0.3178	0.3172	0.3049	0.3114	0.3063	0.3038	0.2895	0.294

Old_D_4	Old_D_4	FluoOptima	08/23/2013 14:15:16
0.3054	0.3164	0.2965	0.3079	0.3046	0.3162	0.3137	0.3042	0.3132	0.3121	0.3066	0.3022
0.3156	0.9457	0.9789	0.5904	0.3858	0.3384	0.3391	0.3297	0.3453	0.3262	0.3254	0.2917
0.3052	0.9689	0.648	0.4722	0.3539	0.3115	0.3137	0.2979	0.3173	0.2992	0.3005	0.2809
0.2987	0.7462	0.6128	0.8712	0.3525	0.3201	0.3157	0.3027	0.3127	0.2956	0.3015	0.2827
0.2957	0.4977	0.6488	0.5129	0.6392	0.3238	0.3115	0.2983	0.306	0.2832	0.2824	0.2775
0.3025	0.3971	0.3983	0.5824	0.6067	0.3168	0.3052	0.2914	0.3095	0.292	0.2852	0.2772
0.3096	0.3288	0.3233	0.3135	0.332	0.3146	0.3111	0.292	0.307	0.2971	0.2854	0.2794
0.3045	0.321	0.3134	0.3135	0.3181	0.3175	0.3102	0.3118	0.3126	0.3068	0.2969	0.2947

Old_D_5	Old_D_5	FluoOptima	08/23/2013 14:27:37
0.3098	0.3343	0.3209	0.322	0.3207	0.325	0.3184	0.3141	0.322	0.3155	0.3023	0.3023
0.3138	1.0974	0.6951	0.5194	0.3824	0.3325	0.3395	0.3261	0.3444	0.3275	0.3248	0.2911
0.304	1.1844	1.0039	0.7442	0.3713	0.3077	0.3138	0.2961	0.3151	0.2978	0.2984	0.2783
0.2946	0.7333	0.7002	0.716	0.3923	0.2992	0.3142	0.3003	0.3124	0.2948	0.2991	0.2798
0.2928	0.5243	0.5284	0.5982	0.6947	0.3122	0.3104	0.2865	0.3042	0.2834	0.2814	0.2739
0.2986	0.3924	0.3877	0.3907	0.5558	0.3143	0.3008	0.2867	0.3048	0.2859	0.286	0.2726
0.3033	0.3245	0.3248	0.3207	0.317	0.3061	0.3066	0.2908	0.3046	0.2936	0.2846	0.2778
0.3011	0.3227	0.3103	0.3099	0.3168	0.3144	0.306	0.3091	0.3087	0.302	0.2891	0.2935

Old_D_6	Old_D_6	FluoOptima	08/23/2013 14:40:01
0.2966	0.3127	0.3021	0.3015	0.3036	0.3087	0.3038	0.3047	0.3108	0.3072	0.297	0.2924
0.3068	0.8496	0.9672	0.7147	0.5575	0.3264	0.3334	0.3153	0.3344	0.3169	0.3158	0.2864
0.2972	0.7894	0.6668	0.5508	0.4662	0.3023	0.3088	0.2938	0.3095	0.2924	0.2891	0.2747
0.2925	0.6568	0.6493	0.4868	0.436	0.2939	0.3073	0.2965	0.3058	0.2899	0.2953	0.2768
0.2899	0.6423	0.4886	0.6351	0.4397	0.3053	0.3026	0.2843	0.2996	0.2789	0.2766	0.272
0.2962	0.3447	0.3715	0.4927	0.4828	0.2914	0.3001	0.2833	0.2995	0.2833	0.2756	0.2715
0.3011	0.3019	0.3009	0.2942	0.3092	0.2959	0.3027	0.288	0.3	0.292	0.2847	0.2729
0.297	0.3163	0.305	0.3054	0.3108	0.3086	0.3023	0.3036	0.3046	0.2984	0.2872	0.2896

Old_D_7	Old_D_7	FluoOptima	08/23/2013 14:52:27
0.31	0.3397	0.3282	0.3287	0.3206	0.3268	0.3188	0.3178	0.32	0.3153	0.3025	0.3038
0.3189	1.3684	1.3482	1.0461	1.2894	0.8463	0.9607	0.4766	0.3446	0.3303	0.328	0.2961
0.3075	0.9426	0.9189	1.0891	0.6087	0.4919	0.5052	0.3037	0.3159	0.2991	0.3	0.2841
0.3022	0.6603	0.72	0.6713	0.6213	0.4329	0.348	0.3073	0.3216	0.2981	0.3008	0.2818
0.2975	0.4709	0.4731	0.4871	0.5123	0.6649	0.3112	0.289	0.3082	0.2895	0.2841	0.2774
0.3038	0.452	0.3874	0.3883	0.4299	0.3665	0.3059	0.2972	0.3075	0.2902	0.2878	0.2817
0.3104	0.3673	0.33	0.3242	0.3463	0.3099	0.3148	0.294	0.3107	0.2983	0.2912	0.28
0.3063	0.3331	0.3157	0.3152	0.3205	0.3175	0.3107	0.3126	0.3124	0.3091	0.2935	0.2964

Old_D_8	Old_D_8	FluoOptima	08/23/2013 15:04:52
0.2972	0.3238	0.3068	0.3063	0.3062	0.3171	0.3056	0.3113	0.3117	0.3102	0.3005	0.3016
0.3124	1.13	1.0722	0.8084	0.3934	0.3348	0.7385	0.3235	0.3429	0.3243	0.3218	0.2891
0.3009	1.0569	1.0135	0.779	0.6195	0.3266	0.3124	0.2971	0.3171	0.2962	0.2946	0.2769
0.2962	0.6316	0.6899	0.6529	0.4726	0.3203	0.3107	0.2973	0.3153	0.2937	0.2963	0.2781
0.2912	0.4914	0.5213	0.4975	0.4647	0.3128	0.3041	0.2854	0.3048	0.2821	0.2801	0.274
0.3003	0.4785	0.4046	0.4053	0.4301	0.3125	0.3035	0.2886	0.3054	0.2836	0.2786	0.2734
0.3052	0.3752	0.3228	0.3169	0.3405	0.3052	0.3079	0.2912	0.3075	0.2952	0.2898	0.2768
0.3023	0.3235	0.3101	0.3112	0.3143	0.3151	0.304	0.3096	0.3076	0.3042	0.2887	0.2944

Old_D_9	Old_D_9	FluoOptima	08/23/2013 15:17:14
0.2941	0.3317	0.3189	0.3193	0.3172	0.321	0.3123	0.3123	0.3148	0.3136	0.3013	0.2991
0.3115	1.2874	1.169	0.8008	0.572	0.3367	0.3386	0.3284	0.3419	0.3279	0.3248	0.2923
0.3022	0.9314	0.841	0.7932	0.5727	0.3128	0.3156	0.2977	0.3161	0.2981	0.2971	0.2795
0.297	0.5954	0.6236	0.6793	0.5925	0.3208	0.315	0.2985	0.3143	0.2964	0.2997	0.2787
0.2924	0.4341	0.4529	0.4054	0.5006	0.3324	0.3075	0.2844	0.3073	0.288	0.284	0.2743
0.3004	0.3972	0.3828	0.328	0.3808	0.3518	0.3033	0.2894	0.3081	0.2878	0.2849	0.2753
0.3031	0.3093	0.3041	0.2973	0.3137	0.3048	0.3104	0.2945	0.3081	0.296	0.2895	0.2788
0.3025	0.3204	0.3106	0.311	0.317	0.3154	0.305	0.3098	0.307	0.3041	0.2897	0.295

Old_D_10	Old_D_10	FluoOptima	08/23/2013 15:29:39
0.3051	0.334	0.3176	0.3222	0.3176	0.3259	0.2856	0.3121	0.3196	0.3146	0.303	0.3001
0.3141	1.3594	0.9142	1.3154	1.059	1.0481	1.1552	0.9059	1.0057	0.331	0.322	0.2898
0.3044	0.9159	0.9424	0.7774	0.8602	0.8227	0.8806	0.6547	0.7882	0.3175	0.298	0.2797
0.2944	0.6063	0.7343	0.7573	0.5079	0.4785	0.4414	0.777	0.5124	0.3117	0.2985	0.2803
0.2935	0.4984	0.4167	0.4476	0.4539	0.423	0.4265	0.4148	0.4159	0.3022	0.2808	0.2754
0.2993	0.3925	0.383	0.3584	0.4017	0.3528	0.3725	0.3504	0.357	0.314	0.2833	0.2738
0.3037	0.3322	0.3148	0.3073	0.3258	0.3111	0.3091	0.2912	0.3045	0.2925	0.2845	0.2737
0.3008	0.3231	0.3117	0.3118	0.3169	0.3146	0.3073	0.3099	0.3097	0.301	0.29	0.2908

Old_D_11	Old_D_11	FluoOptima	08/23/2013 15:42:04
0.3161	0.3459	0.3343	0.3347	0.329	0.334	0.3248	0.3224	0.3311	0.3271	0.3155	0.3086
0.3301	1.4936	1.3327	1.2137	1.1281	1.1204	0.3578	0.3392	0.3557	0.3408	0.334	0.3022
0.3178	0.941	0.9419	1.1761	1.0102	0.9088	0.3278	0.3092	0.3297	0.3086	0.3075	0.2901
0.3114	0.7254	0.6231	0.6646	0.9271	0.6113	0.3256	0.3178	0.3282	0.3087	0.3113	0.2887
0.3054	0.7081	0.5344	0.4931	0.6932	0.534	0.3238	0.301	0.319	0.2994	0.2917	0.2841
0.3137	0.5019	0.3981	0.3976	0.43	0.4025	0.3162	0.2985	0.3183	0.2982	0.2949	0.2889
0.3196	0.3452	0.5048	0.3255	0.5279	0.3225	0.3223	0.2998	0.3197	0.3061	0.2958	0.2878
0.3148	0.3387	0.3307	0.3283	0.3321	0.3311	0.3208	0.3208	0.321	0.3177	0.3036	0.3049

Old_D_12	Old_D_12	FluoOptima	08/23/2013 15:54:31
0.3035	0.3382	0.3196	0.3231	0.3186	0.3267	0.3159	0.3136	0.3228	0.3156	0.3026	0.3005
0.3135	0.9419	1.3878	1.3329	1.5062	1.5252	1.5152	1.3301	0.4532	0.352	0.3236	0.2921
0.3003	1.2437	0.8628	1.2039	1.1462	0.9887	1.1005	1.0859	0.464	0.3424	0.3001	0.2805
0.2941	0.7138	0.7517	0.6834	0.806	0.8242	0.8765	0.5313	0.4772	0.3441	0.2998	0.2799
0.2942	0.4621	0.4913	0.5142	0.6987	0.4568	0.6405	0.4085	0.4129	0.3389	0.284	0.2773
0.2963	0.3976	0.3968	0.3757	0.4262	0.4175	0.3934	0.3595	0.3712	0.3409	0.2843	0.274
0.3059	0.336	0.3216	0.3124	0.3319	0.3182	0.3075	0.292	0.3065	0.2938	0.287	0.2777
0.3014	0.3291	0.3138	0.3127	0.3181	0.3148	0.3081	0.3125	0.3109	0.3022	0.2916	0.2961

