Old_ND_1	Old_ND_1	FluoOptima	08/15/2013 12:33:14
0.3109	0.3394	0.3268	0.3298	0.3282	0.3284	0.3205	0.3147	0.3235	0.3174	0.3063	0.307
0.3243	1.2617	1.1847	0.5345	1.4775	1.217	0.3446	0.9554	0.3498	0.3306	0.3325	0.2973
0.3107	0.8561	0.7833	0.3826	0.3269	0.5247	0.321	0.4511	0.3281	0.3084	0.3022	0.2849
0.3068	0.7167	0.9795	0.5488	0.485	0.4262	0.4421	0.6901	0.3292	0.3044	0.306	0.2868
0.3058	0.5009	0.5378	0.5632	0.4385	0.461	0.3188	0.2925	0.3154	0.2908	0.2897	0.2809
0.3093	0.4134	0.4028	0.6812	0.6315	0.3384	0.4075	0.2907	0.3159	0.2951	0.2899	0.286
0.3153	0.3277	0.3265	0.5658	0.3315	0.3074	0.3151	0.294	0.3084	0.2976	0.2893	0.285
0.3104	0.3285	0.3201	0.3207	0.3233	0.3214	0.3129	0.3168	0.3168	0.3115	0.2963	0.3002

Old_ND_2	Old_ND_2	FluoOptima	08/15/2013 12:42:38
0.3049	0.3316	0.321	0.3209	0.3137	0.3205	0.3122	0.31	0.3153	0.3137	0.3048	0.3035
0.3164	1.2804	1.1576	0.6813	0.649	0.3339	0.3421	0.3276	0.3432	0.3301	0.3266	0.2914
0.3052	1.081	0.7547	0.6765	0.4189	0.3294	0.315	0.3002	0.3192	0.3005	0.2964	0.279
0.301	0.8089	0.744	0.6198	0.6059	0.3025	0.3179	0.3026	0.3163	0.2964	0.2987	0.2793
0.2961	0.5912	0.5823	0.7187	0.4404	0.2969	0.3111	0.2897	0.3066	0.29	0.2805	0.2746
0.3037	0.4468	0.4662	0.4362	0.3886	0.2995	0.3062	0.2894	0.3085	0.2914	0.284	0.2742
0.3101	0.311	0.3429	0.3035	0.3158	0.3031	0.3107	0.2928	0.3085	0.2993	0.2814	0.2768
0.306	0.3211	0.3139	0.3132	0.3175	0.3168	0.3105	0.3148	0.3134	0.3063	0.2935	0.2933

Old_ND_3	Old_ND_3	FluoOptima	08/15/2013 12:52:05
0.3099	0.3318	0.3272	0.3276	0.3208	0.3282	0.3201	0.316	0.3171	0.3107	0.3078	0.3013
0.3215	1.2749	1.0313	0.764	0.3536	0.332	0.3436	0.3288	0.3448	0.3306	0.327	0.2946
0.309	0.9988	0.9941	0.7733	0.3941	0.3101	0.3171	0.3015	0.3218	0.2986	0.2966	0.2797
0.3056	0.7354	0.8623	0.7082	0.3346	0.3022	0.3176	0.3052	0.3184	0.2967	0.2993	0.2815
0.3	0.5192	0.5192	0.6744	0.3973	0.2997	0.3137	0.2893	0.3083	0.286	0.283	0.2755
0.3068	0.5024	0.4345	0.4331	0.41	0.2982	0.3068	0.2904	0.3112	0.2872	0.2876	0.2811
0.3142	0.5392	0.3125	0.3069	0.3164	0.3019	0.3161	0.2953	0.309	0.2956	0.2869	0.2779
0.3083	0.3266	0.3168	0.3199	0.3235	0.3186	0.3137	0.3144	0.3185	0.3047	0.297	0.2997

Old_ND_4	Old_ND_4	FluoOptima	08/15/2013 13:01:33
0.3071	0.3356	0.3224	0.3197	0.3185	0.3262	0.3165	0.3191	0.3202	0.3154	0.3044	0.2988
0.3192	1.1223	0.6898	0.414	0.3535	0.3337	0.3513	0.3263	0.3449	0.3276	0.3245	0.2917
0.3091	1.2089	0.7787	0.6479	0.3231	0.3127	0.3158	0.2995	0.3213	0.3012	0.3026	0.2794
0.3017	1.0204	0.9172	0.6953	0.322	0.3025	0.3173	0.3049	0.3168	0.2963	0.3009	0.28
0.2983	0.5394	0.7819	0.7716	0.302	0.4307	0.3114	0.289	0.3065	0.2833	0.285	0.2773
0.3045	0.3832	0.6089	0.4176	0.5874	0.3021	0.3062	0.2905	0.3106	0.2858	0.287	0.273
0.3094	0.3206	0.3116	0.3077	0.3222	0.3029	0.312	0.2935	0.3061	0.2943	0.2892	0.2746
0.3053	0.3251	0.3138	0.3163	0.322	0.318	0.3147	0.3129	0.3147	0.3035	0.2939	0.296

Old_ND_5	Old_ND_5	FluoOptima	08/15/2013 13:11:04
0.2964	0.3241	0.3064	0.2984	0.3047	0.3104	0.3037	0.3012	0.306	0.3048	0.2959	0.2962
0.3074	1.0422	1.2906	0.5534	0.3495	0.3261	0.3343	0.323	0.3381	0.3243	0.3228	0.286
0.2976	0.609	1.2295	0.434	0.3462	0.5914	0.3101	0.2956	0.312	0.2989	0.2928	0.2752
0.2967	0.706	0.6332	0.2905	0.316	0.2941	0.3097	0.2993	0.313	0.291	0.2957	0.2762
0.291	0.5622	0.4757	0.4639	0.4335	0.2917	0.305	0.2864	0.3038	0.2841	0.2784	0.2727
0.2976	0.4998	0.5732	0.3269	0.3676	0.2941	0.3039	0.2905	0.3025	0.285	0.2814	0.2708
0.303	0.3041	0.3016	0.2943	0.3358	0.2971	0.3059	0.2923	0.3078	0.2867	0.2795	0.2757
0.3023	0.317	0.3031	0.3081	0.3126	0.3102	0.3028	0.3089	0.3083	0.3007	0.2853	0.2896

Old_ND_6	Old_ND_6	FluoOptima	08/15/2013 13:20:34
0.3099	0.3373	0.3251	0.326	0.3175	0.3269	0.3179	0.318	0.3205	0.3235	0.3077	0.3046
0.3192	1.2368	0.3468	0.3747	0.3625	0.3362	0.3444	0.3327	0.3491	0.3311	0.3327	0.2961
0.3117	0.9649	0.3202	0.313	0.3238	0.3122	0.3178	0.305	0.3235	0.3055	0.3027	0.2802
0.3033	0.3228	1.0181	0.3012	0.3287	0.3025	0.3177	0.3075	0.3237	0.2955	0.3036	0.2821
0.2977	0.298	0.4887	0.3381	0.3166	0.2975	0.313	0.2923	0.3102	0.2885	0.2862	0.2761
0.3046	0.3066	0.343	0.3032	0.3125	0.2997	0.3093	0.2944	0.3095	0.2905	0.2899	0.2815
0.3116	0.3116	0.5378	0.3053	0.3155	0.3041	0.315	0.2978	0.3106	0.2981	0.2854	0.2809
0.3065	0.3225	0.3134	0.3154	0.3216	0.3215	0.3129	0.3175	0.3179	0.308	0.296	0.299

Old_ND_7	Old_ND_7	FluoOptima	08/15/2013 13:30:06
0.3041	0.3269	0.3177	0.3146	0.3204	0.3278	0.3135	0.3163	0.3189	0.3152	0.3054	0.3043
0.3126	1.4746	0.5111	0.5777	0.4167	0.6304	0.3439	0.3292	0.3444	0.3301	0.3295	0.2983
0.3018	0.8949	0.7455	0.9061	0.8525	0.44	0.5614	0.7584	0.3174	0.3011	0.3008	0.2791
0.2993	0.7743	0.747	0.5348	0.4036	0.5846	0.3314	0.3008	0.316	0.2966	0.3023	0.2799
0.2946	0.6172	0.4903	0.4785	0.3939	0.3066	0.4429	0.2882	0.3052	0.2849	0.2842	0.2754
0.3008	0.3659	0.3766	0.3511	0.5266	0.3253	0.305	0.2911	0.3094	0.2894	0.2887	0.2735
0.3057	0.3157	0.3129	0.3197	0.3477	0.2998	0.3102	0.2943	0.3084	0.2963	0.2859	0.278
0.2996	0.3181	0.3129	0.3092	0.3166	0.3139	0.3114	0.3116	0.3103	0.3075	0.2924	0.2948

Old_ND_8	Old_ND_8	FluoOptima	08/15/2013 13:39:36
0.307	0.3358	0.3241	0.325	0.3207	0.3275	0.3197	0.3174	0.3237	0.319	0.3061	0.3033
0.3164	1.2244	1.0397	0.589	0.5934	0.4938	0.3422	0.3285	0.3443	0.3302	0.3279	0.2933
0.3067	1.1049	0.8345	0.8157	0.444	0.3138	0.3154	0.2983	0.3204	0.3017	0.3017	0.2806
0.3023	0.7408	0.8787	0.4503	0.4754	0.2998	0.3171	0.3056	0.3186	0.2961	0.304	0.2794
0.297	0.727	0.5494	0.448	0.4619	0.3332	0.3097	0.2897	0.3084	0.2836	0.2834	0.2774
0.3022	0.3687	0.4046	0.5864	0.3898	0.3197	0.307	0.292	0.3145	0.2924	0.2888	0.2734
0.3086	0.309	0.3062	0.3006	0.3155	0.3017	0.3138	0.2949	0.3077	0.2985	0.288	0.2763
0.3009	0.3215	0.3125	0.3103	0.3158	0.3151	0.3073	0.3103	0.3126	0.3015	0.2909	0.2955

Old_ND_9	Old_ND_9	FluoOptima	08/15/2013 13:49:04
0.3021	0.3296	0.3022	0.3106	0.3034	0.3129	0.306	0.304	0.311	0.315	0.3017	0.3029
0.316	1.253	1.0843	0.936	0.3512	0.3348	0.3417	0.3294	0.3499	0.3297	0.3256	0.2915
0.2945	0.9108	0.8465	0.8064	0.464	0.3127	0.3204	0.3077	0.3225	0.3093	0.3001	0.2814
0.3039	0.6544	0.7172	0.5556	0.4825	0.471	0.3169	0.3071	0.3214	0.2978	0.303	0.2803
0.3001	0.2998	0.3016	0.4842	0.3885	0.2979	0.3112	0.2915	0.3114	0.2863	0.2826	0.2765
0.3058	0.3077	0.4022	0.6094	0.3966	0.3015	0.3065	0.2934	0.3072	0.2916	0.2848	0.2761
0.3098	0.3111	0.3052	0.3005	0.317	0.3049	0.3138	0.2932	0.3091	0.2897	0.284	0.2777
0.3081	0.324	0.3106	0.3154	0.3194	0.3173	0.3078	0.3148	0.3125	0.3047	0.294	0.2924

Old_ND_10	Old_ND_10	FluoOptima	08/15/2013 13:58:33
0.2954	0.308	0.2954	0.2962	0.3016	0.3034	0.3001	0.3008	0.306	0.3012	0.2959	0.2954
0.3061	1.5385	1.4895	1.1527	1.0992	1.1904	0.3334	0.3226	0.3345	0.3179	0.3195	0.2885
0.2957	1.2367	0.9596	0.8338	0.766	0.9006	0.3069	0.2971	0.3107	0.2952	0.2897	0.2778
0.2908	0.6245	0.8803	0.695	0.4785	0.7358	0.5953	0.2988	0.309	0.2929	0.2951	0.2759
0.289	0.5187	0.3648	0.3014	0.4309	0.5409	0.3059	0.2868	0.3053	0.283	0.2812	0.2733
0.2999	0.41	0.3323	0.358	0.3995	0.6032	0.404	0.2896	0.3045	0.2885	0.2874	0.2706
0.3012	0.3103	0.3057	0.3061	0.3209	0.2952	0.302	0.2885	0.3005	0.2936	0.2796	0.2743
0.2975	0.3131	0.3026	0.308	0.3102	0.3081	0.3032	0.3051	0.3065	0.2925	0.287	0.2902

Old_ND_11	Old_ND_11	FluoOptima	08/15/2013 14:08:03
0.2977	0.3235	0.3167	0.3137	0.3122	0.3161	0.3087	0.3081	0.3105	0.3098	0.3009	0.3001
0.3118	1.035	1.2377	1.1056	0.3486	0.3313	0.3387	0.3261	0.343	0.3306	0.3261	0.2908
0.3011	1.1954	0.7017	0.8528	0.4285	0.3058	0.9531	0.2967	0.317	0.3015	0.2967	0.2778
0.299	0.6556	0.8204	0.7989	0.4334	0.297	0.7851	0.2986	0.3136	0.2934	0.2957	0.2802
0.2926	0.4972	0.4951	0.7018	0.4885	0.2949	0.3076	0.2854	0.3071	0.2823	0.281	0.2745
0.2994	0.4044	0.3883	0.605	0.3739	0.2969	0.3774	0.2893	0.3093	0.2876	0.2859	0.274
0.3041	0.285	0.3136	0.3035	0.325	0.2988	0.312	0.2916	0.308	0.2908	0.2858	0.2787
0.3007	0.318	0.3094	0.3094	0.3154	0.313	0.3049	0.3098	0.3078	0.3062	0.2902	0.2941

Old_ND_12	Old_ND_12	FluoOptima	08/15/2013 14:17:35
0.3047	0.3293	0.322	0.3215	0.32	0.3245	0.316	0.3165	0.3209	0.3147	0.3054	0.3006
0.3151	1.3633	1.3426	1.1067	0.3515	0.3321	0.3424	0.3292	0.3499	0.3279	0.3316	0.2935
0.3019	1.1365	1.1989	1.0617	0.3898	0.3083	0.3162	0.2996	0.3193	0.2984	0.3004	0.2823
0.2944	0.9244	0.7394	0.4852	0.4455	0.2973	0.3161	0.3036	0.3164	0.2969	0.3008	0.2806
0.2923	0.52	0.509	0.5231	0.3021	0.2951	0.3121	0.2912	0.3081	0.2856	0.2822	0.2775
0.2993	0.4153	0.435	0.426	0.3093	0.2986	0.3081	0.2888	0.3118	0.2887	0.2866	0.2762
0.3089	0.4098	0.3095	0.299	0.3161	0.3012	0.3078	0.2886	0.3053	0.2902	0.2856	0.2776
0.2994	0.3213	0.3099	0.3111	0.3171	0.318	0.3075	0.3089	0.3125	0.2989	0.2924	0.2949

