Old_D_1	Old_D_1	FluoOptima	08/30/2013 14:29:21
0.302	0.3212	0.3147	0.3155	0.3131	0.3241	0.3123	0.3148	0.3148	0.3131	0.3029	0.3015
0.3164	1.2362	0.6686	0.5808	0.6071	2.0224	0.3742	0.3545	0.3735	0.3575	0.3451	0.2905
0.3034	0.9959	0.8885	0.6241	0.7537	0.5987	0.4738	0.3132	0.3275	0.3081	0.3063	0.2811
0.3004	0.7417	0.7786	0.6936	0.7507	0.4792	0.3853	0.3225	0.3229	0.3019	0.3043	0.2843
0.2985	0.5027	0.5968	0.5459	0.4678	0.5235	0.3137	0.3367	0.3136	0.29	0.2878	0.2783
0.3035	0.5928	0.4587	0.4032	0.4206	0.4246	0.3094	0.2937	0.3133	0.2902	0.2888	0.2775
0.3067	0.331	0.3275	0.3214	0.3486	0.3191	0.3095	0.2918	0.3076	0.2965	0.2842	0.2807
0.307	0.3239	0.3128	0.3151	0.3179	0.3192	0.3074	0.317	0.3122	0.3087	0.2944	0.2951

Old_D_2	Old_D_2	FluoOptima	08/30/2013 14:41:38
0.2991	0.3134	0.294	0.3043	0.3048	0.3134	0.3079	0.3052	0.3125	0.3109	0.3012	0.2998
0.3156	1.1616	1.0522	0.931	0.5483	0.4588	0.3628	0.3522	0.3712	0.3525	0.3477	0.2925
0.3046	0.9172	0.8571	0.722	0.5855	0.863	0.3274	0.3102	0.3271	0.3097	0.3081	0.2813
0.2998	0.8347	0.8277	0.7551	0.5464	0.394	0.324	0.3087	0.3202	0.3019	0.3021	0.2822
0.298	0.5868	0.5742	0.5638	0.5486	0.4183	0.3155	0.2923	0.3104	0.2907	0.288	0.2767
0.3049	0.5231	0.4595	0.4792	0.4493	0.3689	0.3098	0.292	0.3106	0.2847	0.2834	0.2757
0.3096	0.3515	0.3384	0.3302	0.3572	0.3052	0.3072	0.281	0.3018	0.2912	0.2865	0.2802
0.3046	0.3247	0.3139	0.3156	0.3197	0.3193	0.3128	0.313	0.313	0.306	0.2927	0.2989

Old_D_3	Old_D_3	FluoOptima	08/30/2013 14:53:56
0.2947	0.3012	0.2995	0.3017	0.2992	0.3125	0.3088	0.3045	0.3107	0.3054	0.2972	0.3024
0.3145	1.3716	1.1365	1.4668	0.6254	0.4458	0.3699	0.3568	0.3715	0.3588	0.3539	0.293
0.3037	0.876	0.7439	0.8065	0.6645	0.437	0.3257	0.3084	0.3213	0.307	0.3067	0.2815
0.2977	0.8336	0.8307	0.7036	0.652	0.4095	0.3211	0.3083	0.3203	0.3003	0.3051	0.2808
0.2955	0.6379	0.6272	0.5143	0.4809	0.3495	0.3111	0.2927	0.3109	0.2881	0.2894	0.2774
0.3037	0.5074	0.4966	0.4551	0.4094	0.3368	0.3118	0.2923	0.3084	0.2897	0.285	0.2741
0.3065	0.3107	0.3081	0.2998	0.3146	0.3016	0.3121	0.2882	0.3057	0.2959	0.2871	0.2781
0.3067	0.3235	0.3117	0.3123	0.3181	0.3179	0.3112	0.3195	0.3134	0.3094	0.2942	0.2968

Old_D_4	Old_D_4	FluoOptima	08/30/2013 15:06:14
0.3009	0.3189	0.3021	0.304	0.3056	0.3142	0.3127	0.3081	0.3176	0.3109	0.3042	0.3004
0.3136	1.2925	0.6718	0.5532	0.4098	0.3682	0.3693	0.3525	0.3705	0.3515	0.354	0.2917
0.3004	1.1291	0.6905	0.6076	0.4316	0.3323	0.3217	0.3108	0.3199	0.3075	0.3074	0.2807
0.2995	0.7835	0.6879	0.6877	0.3972	0.31	0.3192	0.3075	0.3194	0.3024	0.3098	0.282
0.2941	0.5334	0.51	0.5092	0.4913	0.2954	0.2692	0.2629	0.3016	0.284	0.2831	0.2776
0.3015	0.4155	0.3998	0.4141	0.4291	0.2823	0.2976	0.2812	0.2796	0.2637	0.2741	0.2758
0.308	0.3307	0.3222	0.3105	0.3351	0.306	0.2918	0.2777	0.2691	0.2828	0.2543	0.2791
0.3063	0.3214	0.3108	0.3153	0.3168	0.3159	0.3108	0.3149	0.3135	0.307	0.2958	0.2979

Old_D_5	Old_D_5	FluoOptima	08/30/2013 15:18:56
0.2973	0.329	0.3162	0.314	0.3149	0.3205	0.3104	0.3103	0.3157	0.3125	0.3011	0.3009
0.3088	1.2338	0.8008	0.5226	0.4103	0.3635	0.3631	0.3474	0.3662	0.3544	0.3481	0.2911
0.3001	1.0136	0.9996	0.5029	0.3789	0.319	0.322	0.3026	0.3261	0.3064	0.306	0.2795
0.2947	0.7564	0.7013	0.724	0.3825	0.3258	0.3107	0.2981	0.3077	0.2881	0.2875	0.2805
0.2921	0.5311	0.507	0.6628	0.4757	0.3264	0.2823	0.2807	0.3062	0.2897	0.2838	0.2761
0.2983	0.4242	0.4021	0.4065	0.4285	0.3046	0.2739	0.2708	0.2827	0.2814	0.2676	0.2762
0.3023	0.3483	0.3395	0.315	0.3465	0.2924	0.2746	0.2817	0.2825	0.271	0.2505	0.2786
0.3033	0.3207	0.309	0.3104	0.3154	0.3177	0.3056	0.316	0.315	0.3082	0.2958	0.2951

Old_D_6	Old_D_6	FluoOptima	08/30/2013 15:31:18
0.2989	0.3126	0.2992	0.301	0.2947	0.3002	0.299	0.29	0.2982	0.2934	0.2856	0.2979
0.3135	1.3179	1.02	0.7491	0.5034	0.3639	0.3671	0.3508	0.3683	0.3527	0.3497	0.2942
0.3014	0.864	0.7233	0.5581	0.5003	0.3226	0.3235	0.3052	0.3264	0.3074	0.3088	0.283
0.2969	0.6723	0.6362	0.5128	0.4593	0.3282	0.324	0.3082	0.3182	0.3012	0.3066	0.2863
0.2948	0.4534	0.5008	0.4834	0.4177	0.3692	0.3159	0.2929	0.2768	0.2893	0.2865	0.2813
0.3018	0.3588	0.3805	0.3872	0.3718	0.3487	0.3008	0.2898	0.3059	0.283	0.2833	0.2784
0.3065	0.3087	0.3066	0.2994	0.3149	0.3027	0.2852	0.2886	0.3059	0.2907	0.2534	0.2797
0.305	0.3217	0.3115	0.3135	0.3201	0.3202	0.3161	0.3188	0.3192	0.3089	0.2965	0.2967

Old_D_7	Old_D_7	FluoOptima	08/30/2013 15:43:44
0.2965	0.3078	0.2959	0.301	0.2906	0.3053	0.301	0.2957	0.3059	0.3057	0.2951	0.2974
0.3095	1.3817	1.3927	1.4011	0.8594	0.4533	0.5753	0.9075	0.3685	0.3531	0.3479	0.2907
0.3019	0.9159	0.9274	1.0262	0.5977	0.5306	0.5883	0.5116	0.3292	0.3045	0.3062	0.2816
0.2957	0.6779	0.8041	0.7602	0.954	0.4855	0.773	0.3111	0.3242	0.3031	0.3068	0.282
0.2921	0.4833	0.4589	0.5344	0.7159	0.4116	0.5104	0.3126	0.3151	0.2898	0.2892	0.2784
0.2995	0.486	0.3895	0.3946	0.5177	0.3684	0.3082	0.2897	0.3098	0.2886	0.2918	0.2779
0.3039	0.3995	0.3212	0.318	0.3451	0.3055	0.3073	0.2954	0.3036	0.2912	0.2844	0.2815
0.3029	0.3225	0.3093	0.3134	0.3185	0.3172	0.3083	0.3134	0.3102	0.3085	0.2896	0.2942

Old_D_8	Old_D_8	FluoOptima	08/30/2013 15:56:03
0.3014	0.3092	0.2925	0.297	0.2857	0.3029	0.2999	0.3032	0.3093	0.307	0.3018	0.3021
0.313	1.142	1.1394	0.5913	0.4545	0.4052	0.7583	0.3512	0.3768	0.3547	0.3534	0.2925
0.3033	0.9233	0.8854	0.6986	0.4616	0.3959	0.3252	0.3065	0.3234	0.3089	0.3076	0.2817
0.2964	0.6321	0.6829	0.672	0.4419	0.3839	0.3216	0.3064	0.3157	0.3046	0.3084	0.2834
0.2941	0.4868	0.4905	0.4863	0.5209	0.33	0.3164	0.2905	0.3075	0.29	0.2889	0.2781
0.3063	0.4516	0.4188	0.4213	0.4078	0.332	0.3079	0.2814	0.3059	0.2935	0.2914	0.279
0.3073	0.3969	0.3107	0.301	0.3442	0.3038	0.3109	0.2921	0.2941	0.293	0.2863	0.2805
0.3011	0.3201	0.3109	0.3112	0.3163	0.3149	0.3095	0.3129	0.3159	0.3083	0.2953	0.2995

Old_D_9	Old_D_9	FluoOptima	08/30/2013 16:08:23
0.3073	0.3364	0.3189	0.3223	0.3143	0.3228	0.3156	0.3127	0.3199	0.3143	0.2997	0.3016
0.3173	1.2786	1.092	0.8754	0.498	0.3751	0.3636	0.35	0.3696	0.3538	0.3497	0.2908
0.3041	0.9088	0.8465	0.7301	0.5012	0.335	0.3217	0.3027	0.3244	0.3085	0.3048	0.2781
0.2981	0.6131	0.6472	0.6979	0.5524	0.3399	0.3179	0.3079	0.3183	0.2993	0.3037	0.2807
0.2952	0.4623	0.5032	0.4072	0.4975	0.369	0.3121	0.2918	0.3096	0.2884	0.2852	0.277
0.3015	0.4046	0.4038	0.3361	0.4025	0.3376	0.3035	0.289	0.3063	0.288	0.2823	0.2748
0.3056	0.3135	0.3022	0.2995	0.3142	0.3033	0.31	0.2896	0.3038	0.2883	0.2768	0.2781
0.3019	0.3243	0.31	0.3114	0.3166	0.3147	0.3097	0.3134	0.3146	0.305	0.2926	0.2941

Old_D_10	Old_D_10	FluoOptima	08/30/2013 16:20:44
0.3178	0.3443	0.3318	0.3301	0.2918	0.2918	0.2887	0.2906	0.3191	0.3172	0.3041	0.3104
0.3283	1.5077	1.4012	1.2522	1.2796	1.0952	1.1531	0.9772	0.9002	0.4806	0.3654	0.304
0.318	0.6654	0.9505	0.5221	0.8297	0.7179	0.7136	0.6111	0.5298	0.4077	0.2614	0.2927
0.313	0.6725	0.6653	0.7725	0.5833	0.4806	0.4431	0.5447	0.5674	0.4216	0.2638	0.2911
0.3073	0.4999	0.4238	0.4592	0.4568	0.3958	0.4068	0.4167	0.4127	0.4172	0.2507	0.2878
0.3147	0.3991	0.4475	0.38	0.3808	0.3348	0.348	0.3501	0.382	0.3524	0.2819	0.2923
0.32	0.3549	0.3279	0.3161	0.3399	0.3185	0.2812	0.2464	0.2603	0.2396	0.2287	0.2885
0.3158	0.3376	0.3257	0.325	0.3315	0.3279	0.3209	0.3227	0.3233	0.3178	0.3011	0.3062

Old_D_11	Old_D_11	FluoOptima	08/30/2013 16:33:07
0.3058	0.3308	0.3166	0.3153	0.3109	0.3197	0.3194	0.3076	0.3173	0.3119	0.2975	0.3016
0.317	1.3887	1.4691	1.3375	1.3269	0.8386	0.613	0.3452	0.3618	0.3425	0.3345	0.2912
0.3022	0.8378	0.9728	0.91	0.9867	0.9041	0.6215	0.2865	0.3036	0.2882	0.2818	0.2788
0.2975	0.7141	0.7444	0.6624	0.6839	0.6564	0.5851	0.2823	0.2899	0.2722	0.2691	0.2798
0.2945	0.484	0.4854	0.5412	0.5021	0.5114	0.4899	0.2541	0.2504	0.2482	0.2575	0.2758
0.2993	0.3949	0.401	0.3913	0.4163	0.408	0.3954	0.2454	0.2602	0.2315	0.2475	0.2738
0.3065	0.3382	0.3198	0.3175	0.3304	0.3079	0.2743	0.2738	0.2539	0.2388	0.231	0.2766
0.3015	0.3241	0.3103	0.3134	0.3175	0.3154	0.3107	0.3136	0.3158	0.3063	0.2913	0.2943

Old_D_12	Old_D_12	FluoOptima	08/30/2013 16:45:33
0.3066	0.3334	0.3222	0.3201	0.3219	0.3222	0.3159	0.3106	0.3182	0.3133	0.3072	0.3026
0.3182	0.9391	1.485	1.3294	1.3991	1.0362	0.8257	0.5563	0.5233	0.4341	0.3513	0.293
0.3081	1.0715	0.7884	1.149	0.9958	0.9177	0.7894	0.8935	0.5162	0.4006	0.3096	0.2835
0.3036	0.739	0.8087	0.7312	0.658	0.6242	0.5651	0.5032	0.5531	0.3968	0.3063	0.2837
0.2991	0.5154	0.5189	0.5325	0.5126	0.4632	0.4222	0.3931	0.4069	0.3958	0.2889	0.2786
0.3039	0.4043	0.3942	0.4009	0.436	0.4136	0.3942	0.3451	0.3597	0.337	0.3539	0.2814
0.3107	0.3429	0.3308	0.3237	0.3397	0.3136	0.3017	0.2838	0.2866	0.2786	0.2678	0.2802
0.3051	0.3249	0.3142	0.3167	0.3211	0.3165	0.3091	0.3125	0.3137	0.3096	0.2937	0.2968

