Old_ND_1	Old_ND_1	FluoOptima	10/07/2013 12:41:22
0.2984	0.3281	0.3138	0.3168	0.3137	0.3233	0.3152	0.3067	0.3164	0.317	0.3041	0.3082
0.3057	1.2423	1.1451	0.3407	0.7565	0.9267	0.3449	0.3341	0.3583	0.3425	0.344	0.3042
0.2914	0.9043	0.8516	0.5499	0.3189	0.3075	0.3304	0.5166	0.3186	0.3034	0.3038	0.2906
0.2935	0.7788	0.7897	0.4295	0.6755	0.4108	0.3161	0.3131	0.3254	0.3136	0.3134	0.291
0.2882	0.5559	0.5415	0.6172	0.4243	0.9477	0.3179	0.2979	0.3149	0.2958	0.2929	0.2903
0.2971	0.4011	0.4043	0.4786	0.4317	0.3415	0.3215	0.3114	0.3181	0.3043	0.3062	0.2879
0.3036	0.3203	0.3222	0.3313	0.3376	0.3198	0.3212	0.3038	0.3183	0.3018	0.3027	0.2887
0.2986	0.3152	0.3097	0.3221	0.3262	0.3265	0.3209	0.3287	0.3274	0.3208	0.3005	0.3027

Old_ND_2	Old_ND_2	FluoOptima	10/07/2013 12:50:47
0.3012	0.3266	0.3098	0.3064	0.3019	0.3091	0.3042	0.3045	0.3154	0.3169	0.3045	0.3004
0.3076	1.0962	0.9817	0.3367	0.3486	0.33	0.3388	0.3304	0.3489	0.3379	0.3426	0.2978
0.2909	0.871	0.7164	0.5833	0.3161	0.303	0.3082	0.3089	0.3278	0.3123	0.3037	0.2848
0.2958	0.9787	0.6486	0.6835	0.4416	0.2926	0.3098	0.3081	0.3202	0.3068	0.3104	0.2885
0.2896	0.5501	0.5357	0.5968	0.5055	0.2932	0.3026	0.2944	0.3129	0.2984	0.2908	0.2822
0.2984	0.4358	0.4424	0.4243	0.3922	0.3025	0.3061	0.2935	0.3088	0.3	0.2927	0.2818
0.3005	0.3052	0.3186	0.3003	0.318	0.3086	0.3192	0.2954	0.3181	0.2956	0.3009	0.284
0.2963	0.3195	0.3091	0.3188	0.3266	0.3218	0.3225	0.3224	0.3225	0.3132	0.3002	0.2973

Old_ND_3	Old_ND_3	FluoOptima	10/07/2013 13:00:14
0.2962	0.3215	0.3108	0.3075	0.3054	0.3137	0.3028	0.2953	0.3025	0.3069	0.2989	0.2994
0.2879	1.1639	0.7623	0.337	0.3502	0.3294	0.3395	0.3277	0.3531	0.3368	0.3416	0.2995
0.2898	0.847	0.9253	0.5791	0.3165	0.3035	0.3072	0.2973	0.3198	0.3016	0.31	0.2868
0.2899	0.6778	0.8397	0.6975	0.4507	0.2947	0.3104	0.3054	0.3264	0.305	0.317	0.2845
0.2881	0.5003	0.5596	0.5975	0.4653	0.2917	0.3049	0.2923	0.3108	0.2893	0.2967	0.2843
0.2965	0.481	0.3815	0.3999	0.4293	0.3058	0.3153	0.2958	0.3098	0.2886	0.2991	0.2831
0.3037	0.3242	0.3044	0.3008	0.3204	0.3099	0.3098	0.3039	0.316	0.314	0.2954	0.285
0.3004	0.3204	0.3132	0.3161	0.3258	0.3243	0.3195	0.3238	0.3284	0.3146	0.3018	0.3031

Old_ND_4	Old_ND_4	FluoOptima	10/07/2013 13:09:42
0.2995	0.3286	0.3142	0.312	0.3135	0.3188	0.3091	0.3106	0.3214	0.3221	0.3108	0.3064
0.3057	1.2193	0.7165	0.3878	0.3509	0.333	0.3449	0.3291	0.3565	0.3373	0.3381	0.2973
0.2936	1.1764	0.489	0.611	0.3174	0.3012	0.3109	0.3003	0.3177	0.3093	0.3036	0.2869
0.2966	0.9459	0.7601	0.8614	0.3152	0.2992	0.3123	0.3034	0.3144	0.3056	0.3011	0.2867
0.2905	0.5351	0.6305	0.4784	0.3004	0.7447	0.3041	0.287	0.3102	0.293	0.2862	0.2842
0.2945	0.3885	0.4005	0.3702	0.3995	0.3031	0.3094	0.2972	0.3166	0.2985	0.2891	0.2825
0.3011	0.3169	0.3154	0.3126	0.3327	0.3139	0.3207	0.3025	0.3204	0.3162	0.2916	0.2848
0.297	0.3215	0.3118	0.3154	0.3375	0.3294	0.3217	0.3241	0.3261	0.3176	0.3027	0.2994

Old_ND_5	Old_ND_5	FluoOptima	10/07/2013 13:19:11
0.2991	0.3301	0.3173	0.3139	0.3159	0.3213	0.3107	0.3066	0.3125	0.316	0.3017	0.2993
0.3119	1.0566	1.2305	0.3627	0.3571	0.3399	0.3397	0.3349	0.3528	0.3359	0.3392	0.2966
0.2937	0.6088	1.1477	0.4735	0.323	0.5741	0.3097	0.3063	0.3232	0.3046	0.3073	0.2874
0.295	0.6572	0.6699	0.2952	0.314	0.3013	0.3146	0.3074	0.3267	0.3025	0.3093	0.2865
0.2933	0.4131	0.723	0.4614	0.683	0.3043	0.3066	0.2956	0.3154	0.2945	0.2931	0.2819
0.302	0.4276	0.5378	0.4162	0.4839	0.313	0.3081	0.3023	0.3201	0.3064	0.2962	0.2822
0.3091	0.3156	0.3206	0.3044	0.3812	0.3192	0.3217	0.3009	0.3192	0.3053	0.2918	0.2834
0.3047	0.3281	0.313	0.322	0.3262	0.3291	0.3202	0.3249	0.3284	0.3218	0.3032	0.2994

Old_ND_6	Old_ND_6	FluoOptima	10/07/2013 13:28:40
0.2941	0.3246	0.3148	0.3152	0.3149	0.3238	0.3134	0.316	0.3246	0.3243	0.3101	0.305
0.3066	0.3567	0.3437	0.6905	0.3542	0.335	0.3419	0.3291	0.3528	0.3371	0.3323	0.2976
0.2943	1.351	0.3136	0.3072	0.3197	0.3076	0.3171	0.2993	0.3168	0.3078	0.3107	0.2854
0.294	0.6566	1.0176	0.293	0.3367	0.2954	0.3086	0.3084	0.3191	0.304	0.3048	0.2848
0.2903	0.5698	0.6871	0.3201	0.2995	0.2949	0.3048	0.2926	0.3149	0.2972	0.286	0.2837
0.2982	0.3056	0.3688	0.3455	0.3143	0.3027	0.3126	0.298	0.3114	0.2976	0.2908	0.2821
0.3035	0.3088	0.3234	0.2961	0.3201	0.313	0.3135	0.2981	0.3127	0.2984	0.2848	0.2835
0.298	0.3165	0.3157	0.3195	0.3269	0.3225	0.3227	0.3232	0.3241	0.3199	0.3013	0.3001

Old_ND_7	Old_ND_7	FluoOptima	10/07/2013 13:38:09
0.2987	0.33	0.3144	0.3138	0.3138	0.3218	0.3129	0.3119	0.3121	0.3165	0.3059	0.3122
0.3087	1.2379	1.166	0.3394	0.4545	0.3424	0.3375	0.3343	0.3603	0.3412	0.3411	0.2987
0.2852	0.8743	1.1166	0.4974	0.4818	0.3338	0.3126	0.299	0.3231	0.3148	0.3064	0.2854
0.2936	0.9978	0.6737	0.557	0.4698	0.3023	0.3355	0.3026	0.3131	0.3026	0.3081	0.2885
0.2889	0.5686	0.7267	0.5999	0.4479	0.3979	0.4296	0.2966	0.3111	0.296	0.2865	0.2897
0.2946	0.4162	0.3778	0.3722	0.4988	0.3527	0.3132	0.3027	0.3158	0.2863	0.2904	0.2876
0.2967	0.3193	0.3155	0.329	0.3254	0.3148	0.321	0.2981	0.3125	0.305	0.2894	0.2888
0.2979	0.3223	0.3118	0.3185	0.3255	0.325	0.3276	0.3305	0.3324	0.3195	0.3102	0.3069

Old_ND_8	Old_ND_8	FluoOptima	10/07/2013 13:47:39
0.2932	0.3197	0.3019	0.2884	0.2877	0.3004	0.2913	0.2817	0.298	0.3011	0.29	0.2971
0.2766	1.1709	1.7495	0.9449	0.8222	0.8905	0.3399	0.3283	0.3558	0.3441	0.3406	0.3053
0.2848	0.8316	1.0006	0.5721	0.4785	0.2971	0.2986	0.297	0.3189	0.3154	0.3124	0.2913
0.2887	0.7779	0.6804	0.564	0.4194	0.2946	0.517	0.3062	0.3243	0.3095	0.3092	0.2898
0.2839	0.7926	0.6801	0.4646	0.6432	0.3915	0.305	0.2905	0.3083	0.2933	0.2907	0.2883
0.2922	0.4406	0.3924	0.3598	0.3926	0.3005	0.3092	0.2901	0.3044	0.2941	0.2937	0.2855
0.2996	0.3153	0.3037	0.2965	0.3191	0.3063	0.3233	0.2932	0.2971	0.2968	0.2854	0.2866
0.2958	0.3199	0.3107	0.3161	0.3272	0.3224	0.3205	0.3249	0.3274	0.3186	0.3089	0.3085

Old_ND_9	Old_ND_9	FluoOptima	10/07/2013 13:57:05
0.2994	0.3071	0.3144	0.3164	0.3168	0.3225	0.3128	0.316	0.32	0.3192	0.3069	0.3093
0.2853	1.3133	1.0317	0.3408	0.3512	0.3327	0.3403	0.3341	0.3519	0.3424	0.3345	0.2992
0.2849	0.8798	0.9454	0.6117	0.6896	0.308	0.3142	0.3035	0.3214	0.3018	0.3101	0.2856
0.2923	0.777	0.6692	0.8564	0.437	0.8382	0.3109	0.3037	0.3171	0.3023	0.2965	0.2855
0.2885	0.2986	0.4678	0.5399	0.5627	0.2949	0.3034	0.292	0.3147	0.2961	0.2869	0.2828
0.2945	0.3051	0.4806	0.3715	0.3846	0.3027	0.3103	0.2971	0.3029	0.2902	0.2864	0.2832
0.3009	0.3092	0.3053	0.3	0.3243	0.311	0.3106	0.2966	0.3133	0.2924	0.2901	0.2836
0.298	0.3231	0.3155	0.3212	0.3294	0.3266	0.329	0.3307	0.3308	0.3187	0.3077	0.3061

Old_ND_10	Old_ND_10	FluoOptima	10/07/2013 14:06:33
0.2848	0.3141	0.3061	0.3014	0.3047	0.2737	0.3037	0.3038	0.3019	0.3044	0.2912	0.2873
0.2996	1.2882	1.296	0.3272	0.9299	1.054	0.3327	0.3236	0.3456	0.3285	0.329	0.2913
0.2854	1.2334	0.9607	0.5269	0.4924	0.7285	0.3039	0.2931	0.311	0.3006	0.2905	0.2777
0.278	0.6213	0.8425	0.7517	0.5459	0.695	0.6233	0.2961	0.3114	0.2952	0.3017	0.2826
0.2794	0.5361	0.3476	0.467	0.4508	0.3779	0.2956	0.2844	0.3061	0.2721	0.2693	0.2774
0.2879	0.4	0.6114	0.3403	0.4207	0.3757	0.3289	0.2832	0.3026	0.283	0.278	0.2773
0.2911	0.3093	0.3043	0.3072	0.3177	0.3047	0.2922	0.2799	0.2949	0.2828	0.2667	0.279
0.2928	0.3142	0.3027	0.3104	0.3133	0.3157	0.3153	0.3199	0.3196	0.3126	0.2989	0.2975

Old_ND_11	Old_ND_11	FluoOptima	10/07/2013 14:16:02
0.288	0.3187	0.3026	0.3053	0.2914	0.3077	0.2942	0.2977	0.2966	0.3066	0.2914	0.2905
0.2979	1.2653	0.9173	0.6466	0.3391	0.3264	0.3305	0.3216	0.3428	0.3339	0.3401	0.2909
0.284	1.1408	0.8538	1.0581	0.767	0.6756	0.6457	0.2951	0.3132	0.2993	0.3064	0.2762
0.2849	0.8739	0.8768	0.5622	0.3276	0.4906	0.4437	0.2985	0.3211	0.3047	0.3077	0.2792
0.2807	0.5006	0.6462	0.6576	0.4594	0.2906	0.2971	0.2856	0.3067	0.2836	0.2733	0.2764
0.2867	0.3815	0.3752	0.5938	0.5568	0.3681	0.6274	0.2916	0.2996	0.2842	0.2746	0.2762
0.2914	0.3305	0.31	0.299	0.327	0.3053	0.3059	0.2798	0.2831	0.2722	0.2574	0.2765
0.2895	0.3167	0.3012	0.3093	0.3123	0.3148	0.3085	0.3168	0.3161	0.311	0.2962	0.2953

Old_ND_12	Old_ND_12	FluoOptima	10/07/2013 14:25:34
0.2957	0.322	0.3101	0.3122	0.3098	0.3166	0.3088	0.3058	0.317	0.3166	0.3039	0.3002
0.3069	1.8113	1.4396	1.1236	0.3486	0.3415	0.3408	0.3284	0.3536	0.337	0.3383	0.2914
0.2915	1.0773	1.1517	1.0584	0.3158	0.3039	0.3158	0.2981	0.3222	0.3029	0.3028	0.2852
0.2948	0.6607	0.8286	0.5388	0.683	0.2967	0.3128	0.3026	0.313	0.3057	0.3069	0.2819
0.2874	0.5413	0.6907	0.7299	0.3007	0.2965	0.3012	0.2846	0.3029	0.2937	0.281	0.2858
0.2927	0.3743	0.5432	0.5155	0.3143	0.3016	0.3081	0.2933	0.295	0.2903	0.2732	0.2831
0.3028	0.5332	0.321	0.3008	0.3195	0.3129	0.3044	0.2844	0.314	0.2824	0.2629	0.2846
0.2921	0.3221	0.3106	0.3169	0.3209	0.3248	0.3189	0.3178	0.3172	0.3146	0.3032	0.2987

Old_ND_13	Old_ND_13	FluoOptima	10/07/2013 15:00:27
0.3082	0.3381	0.3267	0.3272	0.3256	0.3328	0.3235	0.3257	0.3333	0.3337	0.3204	0.3175
0.3185	1.1149	0.8137	1.4433	0.7029	0.3496	0.4563	0.858	0.8876	0.4009	0.3489	0.3059
0.3021	1.128	1.0553	0.5138	0.3334	0.4049	0.3274	0.7312	0.7638	1.0745	0.3174	0.2939
0.3033	0.8905	0.8819	0.4613	0.4966	0.7714	0.4486	0.3131	0.3282	0.9167	0.3177	0.2933
0.2964	0.6051	0.5255	0.5183	0.3699	0.3224	0.4355	0.3997	0.4448	0.4518	0.2955	0.2923
0.3024	0.4068	0.4387	0.7631	0.4044	0.3861	0.4306	0.4567	0.4021	0.3038	0.2959	0.2917
0.3083	0.3321	0.3507	0.4169	0.3345	0.3206	0.3182	0.3	0.3126	0.311	0.2953	0.2944
0.3068	0.3305	0.3308	0.3304	0.3406	0.3433	0.3343	0.3343	0.3389	0.3294	0.3132	0.3126

Old_ND_14	Old_ND_14	FluoOptima	10/07/2013 15:09:50
0.2892	0.3148	0.2939	0.2884	0.2837	0.2948	0.2871	0.292	0.2927	0.2941	0.2965	0.2939
0.3026	1.1841	1.7988	0.576	0.4179	2.2648	0.336	0.3237	0.3399	0.331	0.3341	0.2926
0.2849	0.9447	0.8311	1.9581	0.5165	0.655	0.323	0.2979	0.3159	0.2984	0.3033	0.2786
0.2879	0.7139	0.7564	0.6624	0.4905	0.639	0.4766	0.2975	0.3177	0.2991	0.3059	0.2808
0.2833	0.5417	0.5102	0.5204	0.4616	0.6758	0.3341	0.2851	0.3078	0.2842	0.2779	0.2777
0.2915	0.4118	0.4147	0.396	0.4568	0.5172	0.3285	0.306	0.3062	0.2923	0.2912	0.2765
0.2936	0.3203	0.3165	0.3077	0.326	0.302	0.3125	0.2836	0.3061	0.2867	0.2835	0.2796
0.2971	0.3187	0.3071	0.3144	0.3219	0.3232	0.3157	0.3252	0.3245	0.3122	0.3011	0.3002

Old_ND_15	Old_ND_15	FluoOptima	10/07/2013 15:19:17
0.2959	0.3092	0.3107	0.307	0.3029	0.3096	0.3034	0.3053	0.3104	0.3194	0.3034	0.3088
0.3022	1.2033	0.4223	0.3931	0.3846	0.366	0.3688	0.3542	0.3836	0.3477	0.3349	0.298
0.293	0.7712	0.7154	0.7185	0.3433	0.3249	0.3264	0.3157	0.3269	0.3072	0.3007	0.2855
0.2928	0.8193	0.8561	0.7125	0.5023	0.3108	0.323	0.316	0.3181	0.3066	0.3033	0.2862
0.2888	0.6054	0.6055	0.5735	0.5222	0.3063	0.3136	0.3082	0.308	0.2954	0.29	0.2859
0.2968	0.471	0.4743	0.4514	0.425	0.3941	0.3137	0.3041	0.308	0.2954	0.2868	0.2821
0.3034	0.3349	0.3299	0.3212	0.3426	0.316	0.32	0.3014	0.3178	0.3068	0.2844	0.2836
0.2976	0.322	0.3152	0.3186	0.3276	0.331	0.3263	0.331	0.3295	0.3173	0.3038	0.3027

Old_ND_16	Old_ND_16	FluoOptima	10/07/2013 15:28:41
0.2978	0.3265	0.3151	0.3152	0.3126	0.3209	0.3123	0.315	0.3217	0.3219	0.3102	0.3102
0.3062	1.0602	0.3437	0.3395	0.3547	0.337	0.3392	0.334	0.347	0.3327	0.3364	0.2986
0.2917	1.1814	0.957	0.3025	0.3166	0.3085	0.3149	0.3016	0.3214	0.2991	0.3099	0.2849
0.2947	0.7505	1.0109	0.9084	0.3153	0.2983	0.3121	0.304	0.3233	0.2928	0.3057	0.2834
0.2895	0.5256	0.5242	0.5069	0.7209	0.2948	0.3038	0.2932	0.3195	0.3026	0.2907	0.2836
0.2948	0.4016	0.4037	0.3999	0.6151	0.3026	0.3096	0.2954	0.3156	0.2971	0.2976	0.2828
0.3021	0.3244	0.3148	0.3056	0.3295	0.3106	0.3074	0.288	0.3045	0.3001	0.2864	0.2825
0.2991	0.324	0.3228	0.3246	0.3348	0.3331	0.3343	0.3353	0.3367	0.3219	0.3058	0.2994

Old_ND_17	Old_ND_17	FluoOptima	10/07/2013 15:38:09
0.2945	0.3244	0.3115	0.3143	0.3139	0.319	0.3099	0.3113	0.319	0.3196	0.3039	0.306
0.3055	0.7126	0.3487	0.3385	0.3513	0.3321	0.3397	0.3295	0.3439	0.3384	0.3358	0.2946
0.2901	0.9468	0.3132	0.6042	0.3169	0.3056	0.3098	0.3029	0.314	0.305	0.2977	0.2814
0.2912	0.7865	0.7525	0.7453	0.3127	0.2986	0.3118	0.3015	0.3156	0.2996	0.2932	0.2838
0.2872	0.5093	0.5189	0.4979	0.4204	0.2955	0.3045	0.292	0.3091	0.2937	0.2862	0.2852
0.2957	0.5596	0.3981	0.6245	0.4537	0.3037	0.3093	0.298	0.3083	0.2996	0.2872	0.2833
0.3039	0.3161	0.3192	0.3085	0.3333	0.3121	0.3119	0.3013	0.3004	0.3001	0.2918	0.2844
0.2938	0.3239	0.3128	0.3205	0.3285	0.3296	0.322	0.3263	0.3217	0.3144	0.3004	0.2988

Old_ND_18	Old_ND_18	FluoOptima	10/07/2013 15:47:38
0.2899	0.326	0.3153	0.3167	0.3126	0.3202	0.3099	0.3149	0.3186	0.3213	0.3078	0.3035
0.3021	0.5837	0.5121	0.531	0.3889	0.3366	0.3462	0.3317	0.3532	0.3343	0.3353	0.295
0.2928	0.9249	0.567	0.4797	0.362	0.3117	0.3183	0.2966	0.3162	0.3064	0.3026	0.2842
0.292	0.6805	0.8918	0.9577	0.5281	0.299	0.3149	0.3031	0.3204	0.312	0.3138	0.2833
0.2869	0.4743	0.6508	0.5642	0.3465	0.2994	0.304	0.2883	0.3127	0.2977	0.2895	0.2813
0.2947	0.4162	0.4215	0.3757	0.6549	0.3029	0.3117	0.3009	0.3146	0.2969	0.2932	0.2803
0.2993	0.3232	0.3134	0.3057	0.3324	0.3259	0.3069	0.2786	0.3095	0.299	0.2896	0.2867
0.2929	0.3181	0.3123	0.3199	0.3311	0.3206	0.318	0.3277	0.323	0.3195	0.2996	0.3013

Old_ND_19	Old_ND_19	FluoOptima	10/07/2013 15:57:08
0.2877	0.3191	0.3071	0.3051	0.3017	0.3082	0.3012	0.2962	0.2889	0.3037	0.2925	0.2941
0.2983	1.5037	1.6245	1.7067	1.301	0.4075	0.3894	0.3938	0.384	0.3558	0.3366	0.2896
0.2835	0.8002	0.999	1.0585	0.3528	0.3308	0.3242	0.3191	0.3337	0.311	0.3055	0.276
0.2831	0.6497	0.6484	1.0623	0.7965	0.698	0.3446	0.317	0.3328	0.3087	0.3107	0.2771
0.2798	0.4797	0.5015	0.938	0.4426	0.3165	0.3044	0.2983	0.3093	0.2888	0.2901	0.2763
0.2884	0.3842	0.3816	0.4738	0.5142	0.4716	0.3123	0.3296	0.3082	0.2931	0.2867	0.2744
0.2906	0.3096	0.3061	0.3288	0.3414	0.3809	0.3058	0.29	0.2998	0.3023	0.2842	0.2754
0.2896	0.3152	0.3029	0.3135	0.3157	0.3173	0.3126	0.32	0.327	0.3113	0.2965	0.2917

Old_ND_20	Old_ND_20	FluoOptima	10/07/2013 16:06:37
0.3001	0.3254	0.3109	0.3147	0.3096	0.3231	0.314	0.3155	0.3153	0.319	0.3055	0.3043
0.3065	1.4288	0.4121	1.0517	0.4199	0.4112	0.3979	0.3889	0.3613	0.3402	0.3386	0.2936
0.2937	1.0154	1.0995	1.0391	0.3648	0.3488	0.3271	0.3058	0.3298	0.3086	0.3079	0.2811
0.2926	0.7184	0.8904	0.8787	0.6775	0.3301	0.3209	0.3115	0.3195	0.3019	0.3101	0.2842
0.288	0.508	0.6665	0.7345	0.7136	0.3064	0.3145	0.2948	0.3044	0.2977	0.2856	0.2815
0.2974	0.4256	0.4137	0.4062	0.4312	0.3913	0.3114	0.3072	0.3189	0.2996	0.2895	0.2845
0.3031	0.3204	0.3136	0.3187	0.3647	0.3243	0.3169	0.3001	0.3049	0.2974	0.2901	0.2838
0.2942	0.3207	0.3155	0.3214	0.3265	0.3275	0.3244	0.3237	0.3226	0.3126	0.3021	0.3

Old_ND_21	Old_ND_21	FluoOptima	10/07/2013 16:16:04
0.2888	0.3131	0.301	0.2988	0.295	0.2923	0.3016	0.2967	0.2963	0.2999	0.2903	0.2901
0.283	1.0115	0.3263	0.3281	0.3436	0.349	0.3333	0.324	0.3457	0.3338	0.3387	0.2894
0.2821	0.7115	0.7754	0.5775	0.4238	0.3178	0.3063	0.2894	0.3178	0.2993	0.2956	0.2764
0.2834	0.6743	0.6858	0.4805	0.4546	0.4485	0.3042	0.2981	0.3158	0.2946	0.3042	0.2764
0.2776	0.5174	0.517	0.4571	0.5608	0.483	0.2965	0.2836	0.3014	0.2841	0.2842	0.2729
0.2855	0.4159	0.3902	0.3694	0.3918	0.3451	0.3073	0.2914	0.305	0.2946	0.2921	0.2727
0.2893	0.3179	0.3146	0.3094	0.3249	0.3031	0.2959	0.2857	0.3059	0.2874	0.2787	0.2734
0.2871	0.3124	0.2996	0.3131	0.3202	0.3188	0.314	0.3186	0.322	0.3095	0.2948	0.2917

Old_ND_22	Old_ND_22	FluoOptima	10/07/2013 16:25:33
0.2902	0.2842	0.2713	0.273	0.271	0.2738	0.2669	0.2718	0.2761	0.2897	0.308	0.3049
0.2731	1.3727	1.2889	1.2975	1.4094	1.154	1.0906	1.0364	0.8676	0.5656	0.3403	0.296
0.2959	1.0112	0.9588	0.7043	0.6077	0.6564	0.7846	0.8868	0.957	0.6139	0.304	0.2833
0.2824	0.6596	0.9004	0.5216	0.5826	0.5355	0.6905	0.8229	0.674	0.5179	0.3044	0.282
0.2899	0.3355	0.3539	0.3538	0.3997	0.574	0.4534	0.419	0.7161	0.4038	0.2897	0.282
0.2961	0.3331	0.337	0.3428	0.3568	0.3556	0.4471	0.3569	0.3642	0.3454	0.2983	0.2793
0.3039	0.3276	0.3123	0.3065	0.4344	0.3189	0.3244	0.3036	0.3153	0.3018	0.2953	0.2814
0.296	0.3181	0.3155	0.319	0.3308	0.3262	0.3256	0.3316	0.3319	0.321	0.3056	0.3002

Old_ND_23	Old_ND_23	FluoOptima	10/07/2013 16:35:03
0.2975	0.3264	0.3074	0.3149	0.313	0.3207	0.3132	0.3197	0.3217	0.3211	0.3077	0.3008
0.3077	1.1552	1.5375	1.2958	1.0967	1.0683	1.0593	1.0249	0.9411	0.5304	0.3342	0.2919
0.2948	1.1275	0.5901	0.8342	0.7206	0.6666	0.7014	0.9014	0.8549	0.2991	0.3096	0.2822
0.2707	0.7178	0.836	0.6771	0.5771	0.4855	0.4982	0.4624	0.5474	0.304	0.3061	0.2812
0.2894	0.4917	0.5364	0.7166	0.4154	0.3861	0.3198	0.3753	0.4229	0.2935	0.2878	0.2784
0.2957	0.4148	0.4172	0.417	0.4161	0.3738	0.3545	0.3587	0.3636	0.2967	0.2978	0.2797
0.3018	0.3347	0.3211	0.3091	0.328	0.5242	0.3175	0.2987	0.3042	0.2967	0.2896	0.2863
0.2955	0.3203	0.3198	0.3268	0.3428	0.3262	0.3267	0.3269	0.3324	0.3146	0.3013	0.2997

Old_ND_24	Old_ND_24	FluoOptima	10/07/2013 16:44:34
0.281	0.3153	0.3043	0.3018	0.2983	0.3024	0.2984	0.3006	0.301	0.2989	0.2872	0.2907
0.2958	1.0332	0.9514	0.842	0.766	1.1653	0.9432	0.3238	0.3429	0.3282	0.3284	0.288
0.2868	1.2258	0.9334	1.0274	0.3225	0.3233	0.384	0.439	0.3122	0.2975	0.2978	0.2758
0.2828	0.9274	0.7678	0.8874	1.2586	0.7012	0.7511	0.335	0.3062	0.2939	0.2988	0.2751
0.2786	0.4983	0.5981	0.6581	0.7024	0.6955	0.553	0.4586	0.3004	0.2849	0.2738	0.2757
0.2874	0.4805	0.5928	0.6055	0.4204	0.4198	0.4383	0.2906	0.3045	0.2917	0.2822	0.2737
0.2915	0.3235	0.3048	0.3015	0.3137	0.3678	0.3074	0.2897	0.3059	0.2927	0.2779	0.2804
0.2885	0.3104	0.2976	0.3149	0.3126	0.3131	0.3105	0.3102	0.3111	0.3051	0.2937	0.2902

