Old_ND_1	Old_ND_1	FluoOptima	10/08/2013 14:18:30
0.2907	0.3158	0.3037	0.3067	0.303	0.3021	0.287	0.2776	0.279	0.2755	0.2789	0.2986
0.3016	1.185	0.9758	0.3392	0.3508	2.2911	1.9771	0.339	0.3565	0.3415	0.3395	0.3031
0.2901	0.9868	0.7126	0.5343	2.3456	0.5597	0.3169	0.2977	0.3191	0.306	0.3098	0.2864
0.2852	0.6953	0.6942	0.5661	0.4396	0.371	0.5228	0.31	0.3226	0.3105	0.3182	0.2886
0.2834	0.5571	0.5204	0.7096	0.782	0.4782	0.3057	0.2922	0.3113	0.2867	0.2998	0.2831
0.2881	0.48	0.4621	0.4536	0.6771	0.3113	0.3161	0.2954	0.3092	0.2957	0.3022	0.2792
0.2954	0.3283	0.321	0.316	0.3491	0.3089	0.3093	0.2903	0.2918	0.2783	0.2726	0.2826
0.2839	0.3121	0.3083	0.317	0.3225	0.3217	0.322	0.3276	0.3294	0.3228	0.2973	0.298

Old_ND_2	Old_ND_2	FluoOptima	10/08/2013 14:27:55
0.2847	0.2979	0.2889	0.2843	0.2857	0.2802	0.27	0.2636	0.2627	0.2602	0.264	0.2703
0.3011	0.9415	1.0511	0.3282	0.3407	0.33	0.3349	0.3214	0.3481	0.3294	0.3333	0.2896
0.2817	0.9493	0.875	0.4985	0.3115	0.3011	0.3038	0.2937	0.3158	0.3012	0.2953	0.2771
0.2864	0.7907	0.7572	0.6879	0.441	0.2954	0.308	0.3043	0.3199	0.2976	0.2977	0.2797
0.2823	0.6408	0.5281	0.5241	0.4713	0.2932	0.301	0.286	0.3101	0.2854	0.2817	0.2773
0.2898	0.4882	0.4639	0.5564	0.4394	0.2965	0.3053	0.2927	0.3039	0.2911	0.2988	0.2737
0.2906	0.3298	0.3013	0.328	0.317	0.3061	0.2868	0.2879	0.2939	0.2811	0.2694	0.2764
0.2866	0.3102	0.3052	0.3074	0.3151	0.3143	0.3103	0.3075	0.3103	0.303	0.2915	0.2914

Old_ND_3	Old_ND_3	FluoOptima	10/08/2013 14:37:19
0.2782	0.3048	0.2953	0.2875	0.2857	0.2874	0.2726	0.2679	0.2717	0.2711	0.2682	0.291
0.2988	1.0514	0.73	0.3341	0.3488	0.3307	0.338	0.331	0.3502	0.3387	0.3408	0.3007
0.2816	0.7573	0.7929	0.6179	0.3178	0.307	0.3087	0.2974	0.3312	0.3056	0.3022	0.2847
0.286	0.7946	0.885	0.6538	0.4082	0.2947	0.3106	0.3144	0.3225	0.3097	0.3212	0.2853
0.2785	0.555	0.5343	0.2834	0.299	0.2949	0.3032	0.2883	0.3152	0.2949	0.2989	0.2825
0.29	0.3019	0.4235	0.4536	0.3774	0.3006	0.3087	0.2968	0.3168	0.299	0.314	0.2846
0.2962	0.3032	0.3043	0.2941	0.5298	0.3107	0.3214	0.2907	0.3098	0.2991	0.2794	0.2831
0.2879	0.3156	0.3098	0.3156	0.3215	0.3219	0.317	0.3153	0.3139	0.3057	0.3012	0.3012

Old_ND_4	Old_ND_4	FluoOptima	10/08/2013 14:46:45
0.2892	0.3144	0.3058	0.3039	0.3042	0.3052	0.2945	0.2942	0.2939	0.3028	0.295	0.3038
0.3075	1.0977	0.3412	0.3388	0.3519	0.332	0.3413	0.3332	0.3523	0.3359	0.3358	0.2928
0.29	1.1005	0.5638	0.3037	0.321	0.3054	0.3111	0.2968	0.3238	0.3061	0.3129	0.2837
0.2879	0.9588	0.9903	0.6642	0.3148	0.2993	0.312	0.3076	0.322	0.3066	0.3086	0.2875
0.2864	0.5071	0.4886	0.4734	0.3019	0.2974	0.307	0.2924	0.3162	0.3022	0.2973	0.2854
0.2954	0.4373	0.4679	0.4103	0.6149	0.3041	0.3103	0.3036	0.3188	0.3053	0.3009	0.2843
0.3028	0.3177	0.3157	0.3017	0.3559	0.3154	0.3128	0.3011	0.3122	0.2889	0.2834	0.2865
0.2912	0.3206	0.3149	0.321	0.333	0.3267	0.3247	0.3255	0.3094	0.3135	0.3068	0.3004

Old_ND_5	Old_ND_5	FluoOptima	10/08/2013 14:56:14
0.2774	0.3058	0.2915	0.2898	0.2981	0.3041	0.2921	0.291	0.2994	0.2926	0.2909	0.2948
0.3023	0.6018	0.5334	0.9141	0.3511	0.3281	0.3385	0.3246	0.3495	0.3351	0.3336	0.2896
0.2885	0.5947	0.3125	0.3003	0.5546	0.3071	0.3089	0.2929	0.3169	0.3027	0.2983	0.2782
0.2901	1.0396	0.9289	0.4551	0.3174	0.2972	0.3132	0.3043	0.3181	0.2988	0.3009	0.2817
0.2873	0.7994	0.7027	0.491	0.3039	0.2919	0.3076	0.289	0.3114	0.2886	0.2918	0.2828
0.2947	0.4214	0.6226	0.5463	0.4313	0.303	0.3112	0.3	0.3142	0.2976	0.2975	0.2772
0.3024	0.3087	0.3153	0.302	0.3277	0.3126	0.3197	0.3022	0.32	0.319	0.2911	0.2827
0.2925	0.3201	0.3162	0.3218	0.3271	0.3259	0.3283	0.3274	0.3113	0.3084	0.3019	0.2982

Old_ND_6	Old_ND_6	FluoOptima	10/08/2013 15:05:42
0.2888	0.3199	0.3085	0.3065	0.3102	0.3098	0.297	0.293	0.3031	0.3007	0.2939	0.2998
0.2942	0.347	1.672	0.3357	0.3547	0.3363	0.3392	0.331	0.3506	0.3387	0.3399	0.2929
0.2906	0.3144	0.325	0.3032	0.3199	0.3092	0.3114	0.3058	0.3251	0.3041	0.3077	0.2814
0.2893	0.3095	0.5191	0.2921	0.3172	0.2997	0.3101	0.3019	0.3226	0.3066	0.3124	0.282
0.2863	0.2993	0.2996	0.2882	0.3018	0.2945	0.3065	0.2931	0.3212	0.3001	0.2899	0.2782
0.2925	0.3081	0.3065	0.2969	0.314	0.3031	0.3129	0.2989	0.3111	0.2991	0.2951	0.28
0.2987	0.3105	0.3066	0.2984	0.319	0.3128	0.3133	0.297	0.317	0.2996	0.2805	0.28
0.2938	0.3198	0.3186	0.3277	0.3333	0.3274	0.3255	0.3265	0.3205	0.3135	0.2991	0.3003

Old_ND_7	Old_ND_7	FluoOptima	10/08/2013 15:15:12
0.2824	0.3156	0.3048	0.3062	0.3042	0.3044	0.2939	0.2956	0.2941	0.295	0.2958	0.295
0.2915	1.2244	0.8551	0.8078	0.3817	0.5924	0.6441	0.3299	0.3511	0.3362	0.3359	0.2932
0.2872	0.8986	0.973	0.3528	0.3554	0.3041	0.3211	0.2958	0.3211	0.3051	0.3077	0.2811
0.2883	0.673	0.6076	0.4225	0.7805	0.3303	0.3089	0.3032	0.3198	0.3075	0.3088	0.2797
0.285	0.4973	0.4684	0.538	0.6498	0.4217	0.3019	0.3401	0.3171	0.2986	0.2786	0.2761
0.2893	0.4043	0.45	0.4736	0.3668	0.3005	0.3179	0.2886	0.3129	0.2884	0.2879	0.2758
0.2937	0.3154	0.3026	0.2973	0.321	0.3135	0.3186	0.2808	0.2842	0.281	0.2917	0.2781
0.2859	0.3095	0.3063	0.3054	0.3166	0.3152	0.3164	0.3184	0.3195	0.3168	0.2945	0.2952

Old_ND_8	Old_ND_8	FluoOptima	10/08/2013 15:24:41
0.2749	0.2996	0.2878	0.2759	0.2745	0.2648	0.2612	0.2537	0.2633	0.2701	0.2658	0.282
0.2901	0.8991	0.8771	0.3235	0.3421	0.3253	0.3319	0.3219	0.3419	0.3297	0.33	0.2867
0.2792	0.8738	0.6787	0.4908	0.5245	0.2963	0.307	0.3011	0.3132	0.3061	0.302	0.2751
0.2791	0.9533	0.9393	0.71	0.4422	0.2943	0.3046	0.2984	0.3172	0.2987	0.3024	0.275
0.2757	0.4678	0.5778	0.4764	0.4722	0.2909	0.2956	0.2836	0.3082	0.2877	0.2875	0.2761
0.2833	0.3678	0.4035	0.5001	0.5141	0.2944	0.2973	0.2874	0.3078	0.2877	0.2848	0.2758
0.2854	0.2993	0.2993	0.2954	0.3109	0.3008	0.297	0.2857	0.2838	0.2756	0.25	0.2737
0.2819	0.3076	0.2947	0.3092	0.3126	0.3119	0.3075	0.3134	0.3134	0.3055	0.2924	0.2884

Old_ND_9	Old_ND_9	FluoOptima	10/08/2013 15:34:08
0.2907	0.3288	0.3099	0.3119	0.311	0.3091	0.2957	0.2977	0.285	0.3054	0.2962	0.3073
0.305	1.0852	0.7216	0.337	0.355	0.3397	0.341	0.3323	0.3507	0.3372	0.3371	0.2969
0.2935	0.7969	0.8599	0.8706	0.3194	0.3129	0.3155	0.3046	0.3197	0.3039	0.315	0.2842
0.2942	0.7898	0.9405	0.9483	0.4349	0.3017	0.3099	0.3038	0.3175	0.3028	0.3115	0.2853
0.2885	0.4849	0.6753	0.7142	0.6997	0.2944	0.3045	0.2937	0.3184	0.297	0.2939	0.2804
0.3009	0.3925	0.3937	0.6342	0.4157	0.3034	0.3135	0.2972	0.3126	0.2997	0.2886	0.2795
0.3015	0.3099	0.3071	0.3025	0.3244	0.3123	0.3089	0.2902	0.3104	0.2846	0.2865	0.282
0.2942	0.3169	0.3141	0.3163	0.331	0.3271	0.3233	0.3273	0.333	0.3142	0.3025	0.3021

Old_ND_10	Old_ND_10	FluoOptima	10/08/2013 15:43:36
0.2848	0.3064	0.3007	0.2976	0.2909	0.2846	0.2736	0.2776	0.2703	0.2693	0.267	0.3
0.3048	1.0723	0.7873	0.3428	1.3619	0.9856	1.1253	0.3292	0.3531	0.3448	0.3424	0.3038
0.2914	0.9363	0.783	1.1313	0.6633	0.8173	0.6795	0.301	0.3182	0.3023	0.3071	0.2872
0.2869	0.9424	0.9221	0.6037	0.5608	0.4786	0.6485	0.7284	0.3226	0.3038	0.3141	0.2866
0.2848	0.3825	0.3768	0.6998	0.4558	0.3893	0.5176	0.6457	0.3177	0.2946	0.2992	0.2839
0.2918	0.3848	0.557	0.5165	0.3737	0.3441	0.4709	0.2978	0.3117	0.2987	0.3022	0.284
0.2991	0.3084	0.308	0.3044	0.3245	0.3143	0.3162	0.2942	0.3141	0.2964	0.2893	0.287
0.2904	0.3137	0.3092	0.3127	0.3218	0.3216	0.3191	0.3216	0.3212	0.313	0.3057	0.309

Old_ND_11	Old_ND_11	FluoOptima	10/08/2013 15:53:07
0.2799	0.3058	0.2924	0.2847	0.271	0.2789	0.2738	0.2619	0.2521	0.2642	0.2685	0.2786
0.293	1.337	0.8779	1.1518	1.4054	0.3294	0.3353	0.3236	0.3436	0.3328	0.3296	0.288
0.2823	1.2198	0.7578	0.6338	0.3099	0.5701	0.5759	0.2956	0.3149	0.301	0.3016	0.2763
0.2844	0.8868	0.8231	0.6869	0.468	0.292	0.4507	0.3018	0.3181	0.2984	0.3037	0.2772
0.2801	0.5315	0.489	0.4912	0.6523	0.2886	0.3003	0.2889	0.3088	0.2896	0.2886	0.2758
0.2861	0.3586	0.3716	0.3607	0.384	0.3447	0.3023	0.2915	0.3094	0.2961	0.2933	0.2769
0.2916	0.3107	0.3026	0.3027	0.3191	0.3019	0.3033	0.2877	0.3031	0.2824	0.2695	0.2797
0.2862	0.3129	0.3039	0.31	0.316	0.3178	0.3118	0.3143	0.3031	0.3055	0.2984	0.2964

Old_ND_12	Old_ND_12	FluoOptima	10/08/2013 16:02:39
0.2872	0.3061	0.2882	0.2846	0.2887	0.2918	0.2825	0.2828	0.2892	0.2826	0.2829	0.3007
0.3047	1.0749	1.1935	0.3401	0.3497	0.3294	0.3407	0.3304	0.3553	0.3388	0.342	0.2995
0.2885	1.1957	2.0531	0.9191	0.3175	0.3115	0.3058	0.2985	0.3192	0.3083	0.3074	0.2893
0.291	0.7915	0.7211	0.2916	0.7955	0.2952	0.3115	0.3067	0.3217	0.3069	0.3115	0.2871
0.2855	0.58	0.4798	0.4462	0.2964	0.2926	0.3086	0.3064	0.315	0.2962	0.2993	0.2866
0.2926	0.3754	0.3735	0.5455	0.4232	0.3058	0.3125	0.3023	0.3133	0.2961	0.3045	0.2863
0.3008	0.3155	0.3181	0.2978	0.3178	0.3083	0.3109	0.2949	0.3178	0.3039	0.2857	0.2893
0.2939	0.3215	0.3145	0.3155	0.3242	0.3263	0.3229	0.3296	0.3309	0.3091	0.3102	0.3078

Old_ND_13	Old_ND_13	FluoOptima	10/08/2013 16:24:14
0.2888	0.3184	0.3042	0.2971	0.3004	0.3085	0.2994	0.2943	0.2896	0.2952	0.2921	0.3008
0.301	1.1982	1.4928	1.3345	1.3664	1.1201	0.3428	1.103	0.3657	0.9366	0.3373	0.2925
0.29	1.1001	0.7545	0.6177	0.5429	0.59	0.4049	0.5849	0.3352	0.3126	0.3129	0.2764
0.2885	0.7112	0.7561	0.792	0.3595	0.3376	0.3123	0.3089	0.3133	0.5908	0.2981	0.2819
0.2862	0.4923	0.5617	0.5434	0.552	0.314	0.327	0.3359	0.5104	0.2883	0.2806	0.2819
0.293	0.4168	0.4374	0.6232	0.3799	0.3879	0.3101	0.2908	0.3953	0.2993	0.2794	0.2821
0.3013	0.3188	0.3219	0.3306	0.3374	0.3146	0.3145	0.2892	0.32	0.2972	0.2836	0.2798
0.2905	0.3383	0.3171	0.3258	0.3356	0.3253	0.3256	0.3271	0.3215	0.3101	0.2989	0.2931

Old_ND_14	Old_ND_14	FluoOptima	10/08/2013 16:33:40
0.2901	0.3172	0.3064	0.3033	0.3004	0.3089	0.2949	0.2942	0.2816	0.3031	0.2944	0.2993
0.3048	0.9499	1.1132	0.3358	0.3535	0.6304	0.5131	0.3309	0.3513	0.3426	0.3432	0.2987
0.2936	0.8932	0.9575	0.573	0.5309	0.4968	0.3076	0.3033	0.3185	0.2944	0.3179	0.2848
0.2938	0.7775	0.7842	0.5979	0.4764	0.6992	0.3041	0.2988	0.3187	0.2944	0.3047	0.283
0.2886	0.5648	0.5435	0.4813	0.5089	0.5046	0.2979	0.2935	0.3161	0.2872	0.2761	0.2792
0.2974	0.4784	0.4312	0.395	0.4132	0.3744	0.3253	0.3094	0.3147	0.2891	0.2934	0.2792
0.3014	0.3367	0.3122	0.3127	0.3262	0.3271	0.2942	0.2966	0.3094	0.294	0.2835	0.2802
0.2938	0.3178	0.3248	0.3237	0.3379	0.3297	0.3286	0.3264	0.3307	0.31	0.2996	0.2985

Old_ND_15	Old_ND_15	FluoOptima	10/08/2013 16:43:06
0.2889	0.3114	0.3025	0.2965	0.2967	0.3056	0.2932	0.2908	0.2833	0.2925	0.2905	0.3027
0.3048	1.1365	1.6821	1.4541	0.3615	0.5547	1.5424	0.328	0.5266	0.3658	0.3391	0.2942
0.2921	0.7166	0.6584	0.897	1.4398	0.4832	0.303	0.3013	0.3293	0.3153	0.3072	0.2811
0.2911	0.7653	0.7413	0.7125	0.7314	0.3035	0.5188	0.3328	0.3096	0.2967	0.3029	0.2858
0.2883	0.592	0.547	0.462	0.5054	0.334	0.3009	0.3106	0.2969	0.296	0.2911	0.2834
0.2949	0.464	0.4695	0.3953	0.3861	0.3254	0.3048	0.2917	0.3099	0.2948	0.2838	0.2808
0.3022	0.3101	0.3117	0.2996	0.3176	0.308	0.3159	0.281	0.3137	0.2955	0.2866	0.2845
0.2935	0.3226	0.3177	0.3245	0.3352	0.3283	0.3267	0.3277	0.3248	0.3126	0.3028	0.3003

Old_ND_16	Old_ND_16	FluoOptima	10/08/2013 16:52:33
0.2903	0.3165	0.3044	0.3056	0.3019	0.3049	0.2995	0.2964	0.2891	0.3098	0.3003	0.3042
0.3053	1.1186	1.0858	1.0648	0.7091	0.4446	0.3396	0.3344	0.3505	0.3397	0.3466	0.2968
0.2908	1.0182	0.7446	0.5422	0.3256	0.443	0.3232	0.2943	0.3184	0.3127	0.3058	0.2813
0.2911	0.7931	0.7649	0.6621	0.4238	0.3624	0.3101	0.3037	0.3122	0.2921	0.3117	0.2819
0.2895	0.5397	0.5726	0.8035	0.4598	0.3338	0.3108	0.2909	0.3199	0.2977	0.2876	0.2778
0.2929	0.411	0.3988	0.6624	0.5603	0.3285	0.3138	0.2953	0.319	0.3031	0.2912	0.278
0.299	0.3235	0.3125	0.3019	0.3275	0.3254	0.3058	0.3016	0.3201	0.301	0.2948	0.2787
0.2935	0.3166	0.3148	0.3176	0.331	0.3271	0.3192	0.3234	0.3222	0.3106	0.2986	0.2951

Old_ND_17	Old_ND_17	FluoOptima	10/08/2013 17:02:01
0.2797	0.313	0.2966	0.2898	0.2842	0.2905	0.2712	0.2634	0.2469	0.2733	0.2768	0.2806
0.2973	1.1371	0.9289	0.3315	0.3498	0.3962	0.3318	0.3232	0.3436	0.3251	0.3354	0.2911
0.2853	1.0601	0.7776	0.56	0.3131	0.2972	0.3036	0.2948	0.319	0.2995	0.3055	0.2763
0.2818	0.9097	0.938	0.7576	0.4255	0.3508	0.3047	0.2975	0.3222	0.3027	0.3051	0.2804
0.2784	0.7364	0.571	0.7146	0.4802	0.3377	0.2982	0.2871	0.3085	0.292	0.2904	0.2756
0.2881	0.413	0.4115	0.4097	0.5523	0.3362	0.3035	0.2906	0.3113	0.2986	0.2937	0.2738
0.2886	0.3127	0.3037	0.2951	0.3286	0.3052	0.3145	0.2963	0.3157	0.2949	0.288	0.2748
0.2861	0.3147	0.3006	0.3098	0.3184	0.3201	0.3121	0.3135	0.3154	0.3088	0.2949	0.2902

Old_ND_18	Old_ND_18	FluoOptima	10/08/2013 17:11:31
0.2842	0.3109	0.2948	0.2864	0.2762	0.2711	0.2672	0.2673	0.262	0.281	0.2781	0.2788
0.2983	1.1618	1.1085	0.3211	0.3416	0.345	0.332	0.3201	0.3408	0.3296	0.3267	0.2876
0.2846	0.7543	0.6344	0.5921	0.3086	0.2979	0.3012	0.2938	0.3153	0.3035	0.3014	0.2739
0.282	0.622	0.6922	0.466	0.5311	0.2912	0.3013	0.296	0.3128	0.297	0.3046	0.275
0.278	0.4412	0.572	0.5139	0.4156	0.2927	0.2982	0.285	0.3063	0.2897	0.2917	0.274
0.2833	0.3597	0.3955	0.422	0.4015	0.3091	0.2968	0.2856	0.3136	0.2965	0.2971	0.275
0.2868	0.3015	0.2934	0.2919	0.3089	0.3021	0.3057	0.2831	0.2876	0.2723	0.2681	0.2732
0.284	0.3081	0.2976	0.3041	0.3092	0.3147	0.3066	0.313	0.3134	0.3045	0.2931	0.2886

Old_ND_19	Old_ND_19	FluoOptima	10/08/2013 17:21:00
0.2929	0.3137	0.2975	0.2948	0.2959	0.3035	0.2981	0.2956	0.2975	0.3027	0.2951	0.2961
0.3037	1.4827	1.373	0.9392	2.2197	0.5539	0.8978	0.7568	0.5921	0.3368	0.3325	0.29
0.2922	0.8951	0.9684	0.9193	0.4304	0.4998	0.5144	0.8412	0.662	0.3152	0.3138	0.2769
0.2925	0.725	0.6997	0.7162	0.7437	0.7248	0.4322	0.39	0.512	0.3573	0.3212	0.2933
0.2886	0.4979	0.5448	0.5316	0.6725	0.4778	0.3555	0.3965	0.3173	0.2935	0.298	0.2789
0.2971	0.449	0.4135	0.5477	0.4726	0.3775	0.4078	0.3424	0.3281	0.3098	0.3024	0.2787
0.3037	0.3492	0.3234	0.3143	0.3352	0.3245	0.3217	0.3067	0.3274	0.3071	0.3016	0.2809
0.2948	0.323	0.3158	0.3196	0.3295	0.3254	0.3241	0.3305	0.3315	0.3164	0.3037	0.2941

Old_ND_20	Old_ND_20	FluoOptima	10/08/2013 17:30:28
0.2885	0.3088	0.2956	0.2925	0.291	0.2955	0.2912	0.2948	0.2899	0.3005	0.2932	0.2949
0.302	1.2115	0.9304	0.3482	0.3552	0.7636	0.3282	0.6422	0.3488	0.327	0.3269	0.2876
0.2885	0.9757	1.0396	0.6695	0.5809	0.4322	0.4529	0.3037	0.3224	0.2917	0.3022	0.2776
0.287	0.6143	0.6869	0.6095	0.8069	0.5784	0.3078	0.3024	0.3155	0.3041	0.3058	0.2768
0.2813	0.4803	0.5501	0.6598	0.5263	0.3417	0.741	0.2892	0.3165	0.2899	0.2914	0.2739
0.291	0.4368	0.454	0.5136	0.4708	0.3568	0.3074	0.2951	0.3139	0.2933	0.2873	0.2741
0.2958	0.3348	0.3081	0.3216	0.3582	0.3196	0.3109	0.2954	0.3078	0.2971	0.2895	0.2749
0.2931	0.3152	0.3119	0.3212	0.3206	0.3192	0.3173	0.323	0.3272	0.3134	0.2962	0.2921

Old_ND_21	Old_ND_21	FluoOptima	10/08/2013 17:39:55
0.2944	0.3205	0.3087	0.3045	0.3009	0.3102	0.3026	0.2942	0.297	0.306	0.3056	0.302
0.3089	1.0607	0.9774	0.9502	0.5704	0.4004	0.344	0.3245	0.3461	0.3318	0.3409	0.2966
0.291	0.765	0.8316	0.4926	0.493	0.3837	0.3143	0.3022	0.3327	0.293	0.3154	0.2828
0.2952	0.7196	0.7326	0.8716	0.4612	0.3483	0.3141	0.3115	0.3229	0.3005	0.3173	0.2818
0.2887	0.459	0.551	0.5125	0.5069	0.323	0.3026	0.2941	0.3071	0.2913	0.2978	0.2805
0.2957	0.3882	0.3992	0.3407	0.4293	0.3447	0.3111	0.2978	0.3089	0.2997	0.3011	0.2797
0.3016	0.3134	0.3097	0.3024	0.3329	0.316	0.3101	0.2978	0.3227	0.2978	0.2991	0.2823
0.2977	0.3249	0.3174	0.3217	0.3304	0.3263	0.3227	0.3298	0.3384	0.3186	0.3035	0.2996

Old_ND_22	Old_ND_22	FluoOptima	10/08/2013 17:49:24
0.2839	0.3117	0.2962	0.2897	0.2828	0.286	0.2843	0.2762	0.2538	0.2831	0.2827	0.285
0.2834	1.1536	1.492	1.5146	1.1273	0.8279	1.0122	0.9599	1.1975	0.717	0.3298	0.2895
0.2731	1.1102	0.8176	0.4371	0.7337	0.6771	0.6836	0.6976	0.88	0.7353	0.303	0.2773
0.2842	0.5007	0.6777	0.506	0.5263	0.6818	0.7462	0.4867	0.5066	0.5362	0.3139	0.2776
0.2815	0.4711	0.6157	0.7286	0.455	0.3887	0.6036	0.6564	0.4174	0.3901	0.2929	0.2729
0.289	0.3864	0.3973	0.3902	0.3701	0.3668	0.3297	0.3437	0.3708	0.3375	0.2994	0.2751
0.293	0.3207	0.3121	0.3062	0.3224	0.3154	0.318	0.2899	0.3141	0.2908	0.2892	0.2766
0.2881	0.3163	0.3008	0.309	0.3164	0.3154	0.3146	0.3229	0.3235	0.3111	0.298	0.291

Old_ND_23	Old_ND_23	FluoOptima	10/08/2013 17:58:54
0.2906	0.3139	0.301	0.2973	0.2963	0.3009	0.2944	0.2934	0.2859	0.2981	0.2959	0.3039
0.3037	1.3296	1.4117	0.4197	0.4229	0.3435	0.346	0.3414	0.3486	0.3367	0.332	0.297
0.2921	0.9831	1.0731	0.8741	0.3374	0.3159	0.3162	0.2986	0.3244	0.3036	0.3125	0.2791
0.2927	0.7113	0.9047	0.6612	0.8322	0.3076	0.3198	0.3055	0.3167	0.3067	0.3129	0.2818
0.2891	0.6081	0.7142	0.5021	0.4676	0.3021	0.3176	0.2977	0.3102	0.3011	0.2991	0.2834
0.3006	0.5603	0.4131	0.4024	0.4186	0.308	0.3169	0.3018	0.3182	0.303	0.2983	0.2816
0.3041	0.3308	0.3119	0.3146	0.3318	0.3233	0.3208	0.3032	0.3213	0.3066	0.2964	0.281
0.2969	0.3237	0.3151	0.3238	0.333	0.3227	0.3199	0.3224	0.3294	0.3156	0.3057	0.2998

Old_ND_24	Old_ND_24	FluoOptima	10/08/2013 18:08:25
0.2992	0.3221	0.3073	0.3094	0.3092	0.3119	0.3021	0.3029	0.2969	0.3107	0.3001	0.299
0.3078	1.3338	0.8557	0.7433	1.5344	1.3776	1.2752	0.8667	0.5765	0.4677	0.3355	0.2913
0.2928	1.0894	0.8442	0.7492	1.0756	0.9662	0.7655	0.83	0.5934	0.4559	0.308	0.2805
0.2941	0.8767	0.789	0.7177	0.6723	0.8025	0.5181	0.5048	0.5284	0.4259	0.2902	0.2835
0.2901	0.497	0.5036	0.5531	0.4937	0.6331	0.4186	0.388	0.3898	0.3879	0.2975	0.284
0.2957	0.3959	0.3957	0.3854	0.4142	0.4266	0.3679	0.3436	0.3507	0.3266	0.301	0.2816
0.304	0.3394	0.3249	0.3173	0.3284	0.3136	0.3196	0.2934	0.3143	0.3024	0.2909	0.2822
0.2894	0.3206	0.3126	0.3223	0.3291	0.324	0.3198	0.325	0.33	0.3115	0.3032	0.299

