Old_1	Old_1	FluoOptima	10/11/2013 12:24:58
0.2915	0.3217	0.3113	0.3069	0.304	0.322	0.3049	0.2967	0.2809	0.2999	0.2951	0.2991
0.302	0.9752	1.3259	0.3285	0.3368	0.6003	0.2903	0.3163	0.3416	0.3287	0.327	0.3029
0.2857	1.1105	1.0701	0.9973	2.0836	0.6688	0.3149	0.301	0.317	0.2975	0.297	0.2934
0.2852	0.7538	0.8004	0.677	0.561	0.4564	0.3485	0.3063	0.3248	0.2992	0.3136	0.2857
0.2814	0.6399	0.5865	0.8046	0.3053	0.4612	0.3072	0.2952	0.3188	0.296	0.2844	0.2821
0.2908	0.5668	0.532	0.5397	0.4211	0.3104	0.3088	0.295	0.3129	0.3049	0.2988	0.2846
0.2961	0.3169	0.3203	0.3198	0.3236	0.3116	0.3197	0.2992	0.3198	0.2982	0.2916	0.2839
0.2971	0.3231	0.3117	0.3227	0.327	0.3287	0.3222	0.3356	0.3361	0.3253	0.3112	0.3

Old_2	Old_2	FluoOptima	10/11/2013 12:34:22
0.2972	0.3193	0.3057	0.3026	0.2956	0.3053	0.296	0.2822	0.282	0.2851	0.2931	0.306
0.3061	0.9144	1.1694	0.3269	0.3398	0.3239	0.3326	0.3245	0.3413	0.3367	0.3355	0.3013
0.2874	1.1701	1.0418	0.8899	0.3178	0.3011	0.3043	0.3064	0.316	0.3001	0.3095	0.2882
0.288	0.8677	0.9109	0.7496	0.4974	0.297	0.3141	0.3131	0.3235	0.3081	0.3185	0.2896
0.2865	0.7077	0.6838	0.6367	0.5291	0.2954	0.3059	0.2844	0.3046	0.297	0.3022	0.2845
0.2954	0.5556	0.545	0.5266	0.4868	0.3006	0.3113	0.2941	0.322	0.3	0.2987	0.2819
0.2998	0.3206	0.3063	0.3294	0.3197	0.3064	0.3207	0.295	0.3224	0.3107	0.2971	0.2859
0.294	0.3227	0.3169	0.3304	0.3375	0.3325	0.3343	0.3421	0.3351	0.3187	0.3039	0.304

Old_3	Old_3	FluoOptima	10/11/2013 12:43:48
0.2978	0.3274	0.3144	0.313	0.3041	0.3069	0.314	0.2814	0.2905	0.3001	0.2906	0.3045
0.3065	1.371	1.0943	0.3349	0.3518	0.326	0.3321	0.3268	0.3504	0.3293	0.3329	0.3036
0.2926	1.0512	0.9316	0.6288	0.3225	0.305	0.3096	0.3007	0.3204	0.2983	0.3056	0.2885
0.2894	0.8696	0.8702	0.6602	0.5867	0.3016	0.316	0.3156	0.3286	0.31	0.3104	0.2895
0.2889	0.6635	0.6867	0.2916	0.3009	0.2984	0.3106	0.2915	0.3065	0.3009	0.2875	0.287
0.2953	0.3074	0.5166	0.553	0.4107	0.3228	0.317	0.3026	0.3228	0.2982	0.3029	0.2868
0.3028	0.3068	0.3107	0.2991	0.3688	0.3112	0.3226	0.297	0.3135	0.3051	0.2949	0.2876
0.3002	0.328	0.3267	0.3211	0.3342	0.3372	0.3326	0.3344	0.3371	0.321	0.3076	0.3043

Old_4	Old_4	FluoOptima	10/11/2013 12:53:14
0.3271	0.3092	0.2864	0.284	0.2699	0.2811	0.2816	0.2681	0.2625	0.2938	0.2804	0.2972
0.3025	0.8093	0.322	0.3246	0.332	0.3173	0.3325	0.3176	0.3414	0.329	0.3281	0.2952
0.2853	1.0462	0.4642	0.2936	0.3101	0.2961	0.3045	0.2952	0.3102	0.2987	0.3004	0.2842
0.2866	1.001	0.692	0.4996	0.3087	0.2925	0.3097	0.3012	0.3194	0.303	0.3076	0.2842
0.2841	0.5637	0.8042	0.6586	0.2874	0.2929	0.3003	0.2861	0.309	0.2905	0.2808	0.2831
0.2924	0.4798	0.522	0.4429	0.6025	0.297	0.3062	0.2919	0.303	0.288	0.2968	0.2811
0.2964	0.3211	0.3047	0.2974	0.3484	0.3022	0.31	0.2989	0.3105	0.2911	0.2938	0.2825
0.2973	0.325	0.3156	0.3225	0.3261	0.3221	0.3168	0.3319	0.334	0.3222	0.3003	0.2968

Old_5	Old_5	FluoOptima	10/11/2013 13:02:43
0.3028	0.3209	0.3152	0.3149	0.2971	0.3167	0.3119	0.285	0.2987	0.3049	0.2981	0.3095
0.3083	0.5518	0.4651	1.0849	0.3427	0.324	0.3271	0.3158	0.3493	0.3306	0.3378	0.3018
0.2883	0.5386	0.3132	0.3008	0.6099	0.3039	0.3091	0.2961	0.3164	0.2985	0.3062	0.2886
0.2921	1.0589	0.7408	0.3656	0.3131	0.2961	0.3122	0.307	0.3209	0.3034	0.3136	0.2891
0.2851	0.8174	0.8123	0.5014	0.295	0.3007	0.3051	0.2866	0.3102	0.2943	0.2933	0.2835
0.2938	0.7011	0.3881	0.4481	0.4178	0.2986	0.3066	0.2959	0.3122	0.2964	0.2979	0.2824
0.3013	0.3032	0.3084	0.2974	0.3177	0.3062	0.3167	0.2969	0.3174	0.3003	0.2851	0.2874
0.2962	0.3191	0.3143	0.3254	0.3313	0.3273	0.329	0.3243	0.3261	0.316	0.3049	0.3051

Old_6	Old_6	FluoOptima	10/11/2013 13:12:12
0.2995	0.3231	0.3109	0.3069	0.301	0.3015	0.3151	0.2961	0.2968	0.3013	0.2946	0.309
0.3053	0.3341	1.1055	0.3308	0.3438	0.3242	0.3348	0.3267	0.3503	0.334	0.3339	0.3
0.2898	0.3086	0.3245	0.3002	0.3159	0.3046	0.3134	0.3029	0.3278	0.3073	0.3119	0.2874
0.2918	0.3045	0.3826	0.2912	0.3154	0.2989	0.3127	0.3072	0.3212	0.303	0.3147	0.2879
0.2856	0.2915	0.3005	0.2872	0.2998	0.2961	0.3068	0.2922	0.3076	0.2983	0.2981	0.2847
0.2931	0.3027	0.3059	0.2939	0.3132	0.3063	0.3131	0.3	0.3124	0.2974	0.2984	0.2837
0.2979	0.3016	0.3053	0.2964	0.3173	0.3081	0.3192	0.3008	0.3142	0.2999	0.2919	0.2859
0.2944	0.316	0.3101	0.3184	0.328	0.3262	0.3206	0.3284	0.3314	0.3173	0.2999	0.3032

Old_7	Old_7	FluoOptima	10/11/2013 13:21:43
0.2899	0.3198	0.2981	0.2993	0.2929	0.3035	0.2944	0.2937	0.2863	0.2944	0.2913	0.2969
0.3021	1.0362	1.0336	0.4869	0.4366	0.4797	0.6163	0.3162	0.3416	0.3228	0.3239	0.2944
0.284	1.0031	1.0454	0.5446	0.4201	0.5584	0.3099	0.2959	0.3145	0.3045	0.3005	0.2798
0.2874	0.7879	0.7852	0.3374	0.8314	0.4519	0.3054	0.2989	0.3137	0.299	0.3033	0.2834
0.2819	0.5105	0.5483	0.6805	0.3536	0.5582	0.2983	0.5044	0.3008	0.285	0.284	0.2787
0.2892	0.4356	0.4751	0.6086	0.3541	0.2998	0.3053	0.2894	0.297	0.2925	0.2901	0.2775
0.2922	0.3067	0.3032	0.3048	0.3182	0.3078	0.2892	0.2892	0.2975	0.2923	0.2803	0.2798
0.3035	0.3305	0.3219	0.3362	0.3367	0.3354	0.3302	0.3366	0.33	0.3224	0.3055	0.2979

Old_8	Old_8	FluoOptima	10/11/2013 13:31:14
0.2987	0.3266	0.304	0.3132	0.3143	0.3134	0.3035	0.3069	0.3207	0.3198	0.3093	0.3183
0.3015	0.9408	1.2315	0.3286	0.3411	0.3302	0.336	0.3237	0.3507	0.3368	0.3281	0.2967
0.2884	0.8626	0.8495	0.9617	0.8635	0.3013	0.3124	0.3063	0.3194	0.2976	0.3048	0.2843
0.2838	0.7908	0.8049	0.8948	0.6362	0.2956	0.3121	0.2994	0.3132	0.312	0.3037	0.287
0.2806	0.4979	0.6005	0.5304	0.5067	0.2925	0.3026	0.2889	0.3026	0.289	0.2865	0.2872
0.2945	0.4088	0.4286	0.4649	0.4301	0.3001	0.3083	0.293	0.3122	0.2984	0.2937	0.285
0.2897	0.3068	0.3034	0.2993	0.3174	0.3085	0.3141	0.2968	0.3122	0.3038	0.2915	0.2878
0.3021	0.3318	0.3159	0.3244	0.3306	0.3285	0.3286	0.3305	0.3229	0.3187	0.3091	0.3059

Old_9	Old_9	FluoOptima	10/11/2013 13:40:41
0.3008	0.318	0.3109	0.3036	0.3038	0.3168	0.3097	0.3099	0.3057	0.3142	0.3044	0.308
0.3092	1.0856	1.1445	0.3288	0.338	0.3349	0.3313	0.3219	0.3409	0.3315	0.3295	0.2999
0.2927	0.8972	0.9895	0.7638	0.3192	0.3095	0.3163	0.2974	0.3251	0.3009	0.3035	0.2895
0.2939	0.7855	0.8699	0.9757	0.5838	0.3018	0.3148	0.3113	0.3253	0.3107	0.3111	0.2888
0.2894	0.5106	0.5072	0.7137	0.5183	0.2956	0.3136	0.2859	0.3231	0.3035	0.2934	0.2848
0.2916	0.4081	0.3797	0.4282	0.4019	0.3044	0.312	0.303	0.3092	0.3065	0.3017	0.2873
0.3026	0.3116	0.3109	0.3063	0.331	0.308	0.3096	0.2979	0.3157	0.2741	0.2957	0.288
0.3193	0.3396	0.3392	0.3396	0.3545	0.3474	0.3577	0.3568	0.3443	0.3397	0.3158	0.309

Old_10	Old_10	FluoOptima	10/11/2013 13:50:09
0.2985	0.3066	0.2969	0.2994	0.2916	0.3145	0.3085	0.2982	0.3072	0.3176	0.3043	0.3108
0.3041	1.0887	0.7348	0.3321	0.9267	0.9163	0.903	0.3163	0.3544	0.3367	0.3342	0.3012
0.2895	0.9907	1.0121	1.1433	0.6123	0.6477	0.7011	0.3053	0.3156	0.3036	0.3106	0.2889
0.2964	0.7471	0.9246	0.6658	0.5261	0.4637	0.5298	0.7719	0.3271	0.311	0.3078	0.2871
0.29	0.4274	0.4916	0.7153	0.4542	0.4011	0.4033	0.5994	0.3195	0.3027	0.2913	0.2838
0.2953	0.4191	0.5862	0.3339	0.4099	0.3577	0.4005	0.2929	0.3151	0.295	0.2877	0.2873
0.2977	0.3248	0.3081	0.3215	0.338	0.3227	0.3148	0.2978	0.3123	0.2864	0.2884	0.2853
0.3084	0.3334	0.3379	0.3413	0.3459	0.342	0.3539	0.3575	0.3485	0.3375	0.3218	0.308

Old_11	Old_11	FluoOptima	10/11/2013 13:59:39
0.3013	0.3206	0.3135	0.303	0.3052	0.3097	0.3071	0.3065	0.3252	0.3107	0.3074	0.3155
0.3048	1.2474	1.1569	1.0079	1.0222	0.3353	0.3382	0.3315	0.3407	0.3289	0.3298	0.309
0.277	0.9674	0.9072	0.9661	0.3235	0.6164	0.5865	0.3019	0.3122	0.3059	0.3119	0.2916
0.2953	0.9277	0.7657	0.8749	0.5102	0.3039	0.4615	0.3091	0.3212	0.3106	0.3164	0.2892
0.2823	0.4999	0.4466	0.5066	0.5154	0.2957	0.3095	0.291	0.3138	0.3032	0.2916	0.2865
0.2901	0.3486	0.3689	0.3627	0.612	0.3684	0.3119	0.3034	0.3065	0.2898	0.3018	0.2893
0.3031	0.3273	0.3182	0.3154	0.32	0.3091	0.3103	0.3005	0.3202	0.294	0.3023	0.2921
0.3146	0.3482	0.3397	0.3441	0.3494	0.3448	0.3595	0.3551	0.3688	0.3402	0.3363	0.3114

Old_12	Old_12	FluoOptima	10/11/2013 14:09:09
0.2939	0.3135	0.3019	0.2935	0.2864	0.3023	0.3057	0.2883	0.2989	0.3062	0.2968	0.3093
0.2944	1.2246	0.9573	0.328	0.3328	0.3316	0.3298	0.3142	0.3472	0.3278	0.3275	0.2981
0.2932	1.1254	0.4957	0.9068	0.3205	0.3126	0.3064	0.3064	0.3168	0.3062	0.3045	0.2852
0.2952	0.6464	0.8145	0.2974	0.9238	0.3049	0.3167	0.3012	0.3222	0.3093	0.3156	0.2887
0.2841	0.4425	0.4306	0.4124	0.3029	0.2944	0.3105	0.2887	0.3141	0.2982	0.2896	0.2869
0.2934	0.35	0.3385	0.335	0.3855	0.3026	0.3116	0.2986	0.3225	0.2971	0.2909	0.2892
0.2977	0.3229	0.3185	0.3039	0.3279	0.3229	0.3248	0.3122	0.3279	0.3076	0.3027	0.2905
0.3061	0.3401	0.3269	0.3363	0.3418	0.3425	0.3441	0.3502	0.3647	0.3369	0.3215	0.3099

Old_13	Old_13	FluoOptima	10/11/2013 14:18:41
0.2983	0.3284	0.3198	0.3164	0.3124	0.3224	0.311	0.312	0.3098	0.3145	0.3069	0.3086
0.3107	1.2706	1.0154	0.6301	1.159	0.9596	0.3399	0.6499	0.3494	0.3377	0.3356	0.3045
0.2943	1.1629	0.7453	0.7039	0.508	1.0857	1.181	0.7166	0.3206	0.305	0.3113	0.2911
0.2933	0.7752	1.034	0.6129	0.4145	0.3717	0.7586	0.3126	0.3224	0.3111	0.3108	0.2907
0.2949	0.5424	0.8139	0.6163	0.4683	0.4156	0.3611	0.3674	0.6219	0.3013	0.2931	0.2854
0.3011	0.7239	0.5383	0.7016	0.4663	0.3264	0.3159	0.2967	0.4572	0.5135	0.296	0.29
0.3072	0.3179	0.3193	0.3215	0.3676	0.311	0.3171	0.3075	0.3187	0.3048	0.2865	0.2881
0.3042	0.3246	0.3326	0.3287	0.3435	0.3382	0.3328	0.3465	0.3475	0.33	0.3158	0.3064

Old_14	Old_14	FluoOptima	10/11/2013 14:28:14
0.3015	0.3283	0.2993	0.312	0.3125	0.3126	0.3094	0.3054	0.3065	0.3125	0.3028	0.3119
0.3116	1.2199	1.2382	0.3358	0.3442	0.3966	2.1489	0.3264	0.3565	0.3329	0.3327	0.2998
0.2927	0.8916	1.072	0.85	0.7968	0.8587	0.3117	0.3032	0.3182	0.3019	0.3022	0.2889
0.2959	0.8291	0.805	0.6045	0.5384	0.5349	0.3165	0.306	0.3264	0.3044	0.3106	0.2929
0.2915	0.597	0.6136	0.5461	0.4938	0.406	0.3096	0.2903	0.314	0.2948	0.2923	0.2905
0.2975	0.5153	0.4998	0.4624	0.4753	0.3647	0.3405	0.3205	0.3148	0.2996	0.2896	0.2873
0.3048	0.3259	0.3275	0.3165	0.3481	0.315	0.3207	0.3011	0.3232	0.3026	0.297	0.2932
0.303	0.331	0.3209	0.3404	0.3452	0.3397	0.3471	0.343	0.3558	0.3272	0.3208	0.3157

Old_15	Old_15	FluoOptima	10/11/2013 14:37:49
0.3005	0.3128	0.3028	0.3047	0.2952	0.3047	0.3013	0.2984	0.2983	0.3092	0.2971	0.317
0.3077	1.4327	1.4228	0.586	0.4317	0.3731	0.6828	0.3383	0.3818	0.3379	0.3371	0.3055
0.2963	0.8647	1.025	0.8804	0.4998	0.5526	0.3174	0.3054	0.3178	0.3111	0.3047	0.2923
0.2924	0.8139	0.7816	0.7289	0.6133	0.3	0.3273	0.4155	0.3269	0.3094	0.3135	0.2913
0.2861	0.613	0.5674	0.5962	0.4668	0.3837	0.3095	0.3088	0.317	0.2972	0.2852	0.2906
0.29	0.5181	0.5146	0.4509	0.4402	0.3374	0.3154	0.3018	0.3104	0.2968	0.29	0.2885
0.3056	0.3072	0.3094	0.3022	0.3289	0.3184	0.3173	0.2969	0.3259	0.3094	0.302	0.2927
0.3014	0.3213	0.3128	0.3358	0.3467	0.3429	0.3453	0.3417	0.3463	0.3336	0.3195	0.3127

Old_16	Old_16	FluoOptima	10/11/2013 14:47:19
0.304	0.3296	0.2972	0.3078	0.3126	0.3186	0.3074	0.3132	0.2968	0.3232	0.3097	0.3148
0.3173	1.1057	1.2922	1.0413	0.3643	0.5933	0.3513	0.3319	0.3573	0.3402	0.3394	0.3049
0.2979	1.0308	0.7483	0.8155	0.3252	0.4784	0.3199	0.3078	0.3195	0.3094	0.3104	0.2932
0.2956	0.9913	0.7853	0.7197	0.5477	0.5225	0.3154	0.309	0.3267	0.313	0.3114	0.2919
0.2925	0.5596	0.5354	0.7489	0.5119	0.3734	0.308	0.2914	0.3243	0.3	0.2979	0.2858
0.2969	0.4204	0.4069	0.6239	0.6386	0.3453	0.3132	0.2982	0.314	0.3034	0.293	0.289
0.3087	0.3297	0.3161	0.3126	0.3396	0.3215	0.3157	0.3081	0.3134	0.3093	0.2927	0.292
0.3101	0.3302	0.3271	0.3449	0.349	0.3418	0.3477	0.3575	0.3537	0.3467	0.3271	0.3171

Old_17	Old_17	FluoOptima	10/11/2013 14:56:52
0.3004	0.3199	0.3085	0.3005	0.3001	0.3073	0.3008	0.2963	0.289	0.3094	0.3007	0.3084
0.3102	1.3138	1.0695	0.3384	0.3589	0.3328	0.3417	0.3314	0.3545	0.3413	0.3328	0.3011
0.3001	0.9165	0.6822	0.9015	0.3229	0.31	0.3115	0.3057	0.3254	0.3002	0.3072	0.2889
0.2952	1.0143	0.9627	0.5147	0.5361	0.3018	0.3163	0.3109	0.3225	0.3099	0.3079	0.2865
0.2907	0.565	0.6575	0.7822	0.332	0.2987	0.3043	0.2898	0.3199	0.3033	0.2878	0.2922
0.2965	0.4972	0.5148	0.4802	0.3334	0.3131	0.3116	0.2967	0.3151	0.3064	0.2936	0.2874
0.2956	0.3265	0.3134	0.3076	0.3292	0.3114	0.3079	0.3046	0.3131	0.292	0.2974	0.2933
0.3096	0.3259	0.3216	0.3376	0.3455	0.3428	0.3433	0.3565	0.3545	0.3383	0.3166	0.309

Old_18	Old_18	FluoOptima	10/11/2013 15:06:26
0.3052	0.3258	0.3138	0.3033	0.3082	0.3121	0.3074	0.3066	0.3004	0.3084	0.2982	0.3133
0.311	1.297	1.099	0.3422	0.3519	0.3313	0.3481	0.3375	0.3555	0.3447	0.3385	0.2996
0.2943	0.9093	0.8105	0.8616	0.3234	0.3019	0.3202	0.3032	0.3192	0.3077	0.3044	0.2856
0.2977	0.6959	0.6189	0.5184	0.443	0.3036	0.3162	0.3058	0.3259	0.3028	0.3114	0.2879
0.2886	0.4562	0.6472	0.5057	0.3952	0.2977	0.3099	0.2938	0.3156	0.2996	0.2944	0.2908
0.2967	0.3422	0.4451	0.4596	0.3872	0.3036	0.3107	0.3064	0.3164	0.3068	0.2988	0.2898
0.3017	0.3086	0.3114	0.3045	0.3239	0.3171	0.3232	0.3059	0.3247	0.2957	0.3004	0.2898
0.3013	0.3317	0.326	0.3379	0.3476	0.3418	0.3371	0.3443	0.3403	0.3351	0.3173	0.3079

Old_19	Old_19	FluoOptima	10/11/2013 15:16:00
0.2973	0.3212	0.3077	0.3111	0.3091	0.3209	0.3034	0.305	0.2995	0.3085	0.2979	0.3095
0.3053	1.4364	1.4827	0.7388	0.5268	2.3345	0.5034	0.8033	0.432	0.333	0.3295	0.2954
0.288	1.0039	1.1106	1.0704	1.7563	0.5657	2.0411	0.8368	0.7069	0.3155	0.3074	0.2813
0.2914	0.7838	0.7817	0.7199	0.6105	0.6238	0.4402	0.4351	0.3669	0.308	0.3063	0.2855
0.2858	0.5454	0.8122	0.5586	0.7771	0.4431	0.3962	0.3875	0.3131	0.2928	0.2944	0.2851
0.2954	0.4733	0.4752	0.5707	0.4518	0.4347	0.4143	0.3085	0.3251	0.3029	0.2939	0.2846
0.301	0.3438	0.3142	0.3184	0.3325	0.3187	0.321	0.2974	0.3177	0.3081	0.2938	0.2882
0.2982	0.3243	0.3172	0.324	0.3297	0.3289	0.3293	0.3349	0.3363	0.3223	0.3155	0.3061

Old_20	Old_20	FluoOptima	10/11/2013 15:25:28
0.3003	0.3157	0.3082	0.3043	0.3067	0.315	0.3071	0.3064	0.3045	0.3181	0.303	0.3105
0.3021	1.176	1.8138	0.9693	0.3592	0.3317	0.3427	0.4726	0.3621	0.34	0.335	0.2981
0.2854	0.9352	0.9658	0.7855	0.4988	0.611	0.551	0.3006	0.317	0.3047	0.3063	0.2874
0.2853	0.6262	0.7863	0.6059	1.1583	0.4054	0.3126	0.3056	0.3186	0.3037	0.3039	0.2887
0.2817	0.5381	0.5787	0.673	0.396	0.5346	0.3214	0.2915	0.3231	0.2988	0.2906	0.2821
0.2845	0.4641	0.4789	0.5548	0.4332	0.3693	0.3204	0.2968	0.325	0.2938	0.2901	0.2868
0.2978	0.3416	0.3178	0.3203	0.3928	0.3175	0.3083	0.2924	0.3168	0.2917	0.2919	0.2879
0.309	0.3311	0.3324	0.3412	0.3326	0.3334	0.3273	0.3284	0.3271	0.3194	0.3104	0.3127

Old_21	Old_21	FluoOptima	10/11/2013 15:35:16
0.3004	0.3324	0.3169	0.3167	0.3132	0.3234	0.3109	0.3135	0.3141	0.3135	0.3073	0.312
0.3142	1.2267	1.1056	1.1202	0.9107	0.3686	0.3351	0.3209	0.3529	0.3431	0.3362	0.301
0.291	0.896	0.8445	0.9105	0.8274	0.5474	0.3087	0.3093	0.314	0.3043	0.3082	0.2896
0.2926	0.726	0.7606	0.7459	0.543	0.5518	0.3114	0.3048	0.318	0.3041	0.2999	0.2898
0.2872	0.4172	0.5165	0.4699	0.5405	0.3754	0.3039	0.2906	0.3082	0.2949	0.2884	0.2886
0.2937	0.4051	0.4034	0.3878	0.407	0.3571	0.3084	0.2971	0.3145	0.2965	0.2874	0.2846
0.3021	0.3105	0.3137	0.3031	0.323	0.3165	0.322	0.2996	0.3184	0.3046	0.2894	0.2908
0.2996	0.3294	0.3187	0.3273	0.3309	0.3286	0.3239	0.333	0.3328	0.3147	0.3106	0.3072

Old_22	Old_22	FluoOptima	10/11/2013 15:44:43
0.2932	0.3146	0.2734	0.2966	0.2654	0.2668	0.2567	0.2638	0.3094	0.3097	0.2966	0.3039
0.2941	1.3126	0.9277	1.1898	1.0344	1.0593	0.9139	0.9934	1.032	0.9115	0.3264	0.297
0.2833	1.0862	1.0444	0.7055	0.6872	0.7406	0.7089	0.6688	0.8998	0.8268	0.2998	0.2875
0.2862	0.6295	0.8343	0.5638	0.5274	0.5192	0.4951	0.81	0.795	0.6941	0.3017	0.2875
0.2847	0.4992	0.6355	0.6506	0.4423	0.4084	0.3937	0.6447	0.4303	0.3967	0.2798	0.2843
0.2912	0.3913	0.5839	0.4031	0.3705	0.3619	0.3499	0.3407	0.3575	0.325	0.2872	0.2851
0.2967	0.321	0.3085	0.306	0.3337	0.3159	0.3108	0.2984	0.3171	0.2966	0.2918	0.2867
0.3004	0.3287	0.3262	0.3292	0.3371	0.3335	0.3365	0.3372	0.342	0.326	0.307	0.3041

Old_23	Old_23	FluoOptima	10/11/2013 15:54:10
0.2987	0.32	0.3051	0.3031	0.3021	0.3084	0.2977	0.3003	0.2907	0.3115	0.2975	0.3112
0.3063	1.2695	1.3913	0.3502	0.3617	0.3439	0.3427	0.329	0.3494	0.3376	0.3381	0.2968
0.2944	1.0745	0.9359	1.1671	0.3222	0.3129	0.3264	0.2972	0.3201	0.3084	0.3035	0.2842
0.2978	0.7741	0.8867	0.6694	0.8106	0.3039	0.3159	0.3055	0.3119	0.3106	0.3099	0.2924
0.2916	0.6109	0.6485	0.4672	0.4996	0.2995	0.3089	0.2937	0.3077	0.3046	0.295	0.2908
0.2969	0.3636	0.5649	0.5795	0.4018	0.3052	0.3112	0.3034	0.3125	0.3003	0.2906	0.2845
0.3045	0.3284	0.32	0.3152	0.3339	0.3329	0.3237	0.3029	0.3249	0.3003	0.2965	0.2936
0.305	0.3363	0.3302	0.335	0.3406	0.3424	0.3464	0.3463	0.358	0.3411	0.3284	0.3106

Old_24	Old_24	FluoOptima	10/11/2013 16:03:37
0.3004	0.3291	0.3165	0.3169	0.3184	0.3214	0.3132	0.3197	0.3164	0.3186	0.3082	0.313
0.3083	1.3335	0.8766	1.1926	0.97	1.1896	0.8168	0.766	0.5014	0.433	0.3354	0.2999
0.2937	1.1575	1.1357	1.0961	1.1505	1.1217	1.0668	0.6691	0.4646	0.3989	0.2986	0.2852
0.2951	0.9069	0.735	0.6917	0.6915	0.8224	0.8382	0.5233	0.4665	0.4111	0.3035	0.287
0.2865	0.4833	0.4344	0.4432	0.4685	0.464	0.4218	0.3738	0.3699	0.354	0.29	0.2864
0.2978	0.3459	0.3522	0.3746	0.3837	0.3878	0.3678	0.3331	0.3469	0.3174	0.2914	0.2889
0.3006	0.3307	0.3253	0.3169	0.3344	0.3158	0.3227	0.3042	0.3231	0.3085	0.2987	0.291
0.2998	0.3281	0.3276	0.3326	0.3387	0.3374	0.3399	0.3457	0.3426	0.3242	0.3161	0.3062

Old_25	Old_25	FluoOptima	10/11/2013 16:13:06
0.2978	0.3251	0.317	0.3116	0.2988	0.3113	0.3063	0.2922	0.2878	0.3092	0.2933	0.3087
0.3027	0.3377	0.3319	0.3281	0.341	0.3273	0.3297	0.3246	0.3434	0.3307	0.3282	0.2992
0.2814	0.3131	0.3123	0.3041	0.3178	0.3053	0.3073	0.2954	0.3115	0.295	0.2987	0.2873
0.288	0.3085	0.3051	0.2929	0.3178	0.2993	0.3086	0.2981	0.3098	0.2958	0.2971	0.2869
0.271	0.2953	0.2884	0.2892	0.2945	0.2918	0.2965	0.2774	0.3009	0.2807	0.2794	0.2862
0.2817	0.3046	0.303	0.2968	0.3089	0.3013	0.3073	0.2864	0.2838	0.2781	0.2809	0.2848
0.2943	0.3069	0.3005	0.287	0.3114	0.3057	0.293	0.286	0.3042	0.2907	0.2782	0.286
0.2989	0.3157	0.3187	0.3179	0.3288	0.3233	0.3256	0.3316	0.3243	0.3164	0.3009	0.3042

Old_26	Old_26	FluoOptima	10/11/2013 16:22:35
0.2868	0.3035	0.2928	0.2684	0.2644	0.278	0.289	0.2603	0.2514	0.2621	0.2683	0.3064
0.2893	0.3392	0.3305	0.3293	0.3382	0.326	0.3264	0.3249	0.3357	0.3338	0.3386	0.3047
0.2637	0.3114	0.3118	0.2983	0.3177	0.3015	0.3066	0.3061	0.3098	0.2709	0.3109	0.2899
0.2867	0.3065	0.3066	0.2889	0.3119	0.2964	0.3111	0.3031	0.3054	0.2998	0.3009	0.2925
0.2687	0.2909	0.2894	0.2844	0.2852	0.2879	0.2959	0.282	0.2989	0.2837	0.2809	0.2876
0.2803	0.2997	0.3012	0.2923	0.3087	0.2976	0.3007	0.2763	0.2812	0.2805	0.2835	0.2872
0.2917	0.2964	0.2969	0.2869	0.3042	0.3045	0.2967	0.2738	0.2977	0.283	0.282	0.2909
0.2905	0.3205	0.3168	0.315	0.3243	0.3229	0.3241	0.3305	0.321	0.3187	0.2946	0.3059

Old_27	Old_27	FluoOptima	10/11/2013 16:32:05
0.2884	0.2925	0.2666	0.2465	0.2399	0.2628	0.2586	0.254	0.2521	0.267	0.2716	0.2993
0.2863	0.3306	0.3264	0.3232	0.3279	0.3282	0.319	0.3113	0.3276	0.2773	0.3194	0.3003
0.2627	0.3094	0.3027	0.2965	0.3168	0.2954	0.2936	0.2957	0.3047	0.2955	0.2965	0.2821
0.2648	0.3034	0.3053	0.2899	0.3098	0.2914	0.2998	0.2909	0.3138	0.2867	0.294	0.2848
0.2619	0.2887	0.2934	0.285	0.2847	0.2858	0.2937	0.2732	0.2896	0.2781	0.2771	0.2803
0.2627	0.3033	0.302	0.285	0.3011	0.2941	0.3028	0.2769	0.2971	0.2841	0.2738	0.2809
0.2794	0.3015	0.2898	0.2887	0.3022	0.2994	0.2986	0.2733	0.297	0.2851	0.2721	0.2836
0.2942	0.3112	0.3056	0.3073	0.3183	0.3201	0.3175	0.3275	0.3015	0.329	0.2948	0.2997

Old_28	Old_28	FluoOptima	10/11/2013 16:41:35
0.2811	0.2936	0.2776	0.2658	0.2676	0.2633	0.2699	0.2778	0.2553	0.2885	0.2753	0.2916
0.291	0.3128	0.3101	0.3037	0.3116	0.2974	0.2945	0.288	0.3018	0.2643	0.3	0.291
0.2654	0.2888	0.2981	0.2857	0.3018	0.2839	0.2918	0.2827	0.2974	0.2747	0.2936	0.2838
0.273	0.2912	0.2904	0.2785	0.2881	0.2775	0.2903	0.2825	0.2974	0.2811	0.2915	0.2763
0.2607	0.2743	0.2935	0.283	0.2857	0.2855	0.2931	0.2748	0.2812	0.2833	0.2817	0.2842
0.2681	0.297	0.2955	0.2895	0.2939	0.2923	0.2983	0.2846	0.2956	0.2807	0.2819	0.2853
0.2768	0.3019	0.3033	0.2909	0.3119	0.3094	0.3047	0.289	0.2927	0.2851	0.2819	0.279
0.2961	0.3258	0.3154	0.3156	0.3248	0.3267	0.3116	0.3423	0.3209	0.338	0.3066	0.2948

