Old_1	Old_1	FluoOptima	10/17/2013 12:35:12
0.3111	0.3355	0.3219	0.3253	0.3184	0.323	0.3151	0.3264	0.3337	0.3349	0.3285	0.3284
0.3207	0.3579	0.3258	0.3261	1.0457	0.3213	0.3347	0.3223	0.3393	0.3292	0.3263	0.3198
0.3123	0.3356	0.3149	0.3365	0.3184	0.3164	0.3277	0.5259	0.324	0.3066	0.3099	0.3088
0.3127	0.3193	0.3194	0.3227	0.3452	0.2978	0.3263	0.3181	0.3172	0.3119	0.3056	0.3118
0.3005	0.305	0.3023	0.2982	0.3055	0.3164	0.3292	0.3195	0.3291	0.2984	0.3034	0.3077
0.3089	0.3111	0.3125	0.3064	0.3204	0.3142	0.3312	0.3091	0.3171	0.3026	0.3042	0.3036
0.3109	0.3172	0.3074	0.306	0.3223	0.3173	0.3174	0.3098	0.3228	0.3184	0.3114	0.3036
0.3065	0.3297	0.3213	0.3232	0.3336	0.33	0.3282	0.3329	0.3321	0.3202	0.3215	0.3159

Old_2	Old_2	FluoOptima	10/17/2013 12:44:36
0.3098	0.3246	0.3125	0.3195	0.3192	0.3209	0.3326	0.3191	0.3231	0.3192	0.3135	0.3178
0.3211	0.3249	0.3286	0.3194	0.3421	0.324	0.333	0.3163	0.3409	0.3199	0.3174	0.318
0.3228	0.3141	0.3056	0.3079	0.321	0.3191	0.3174	0.3134	0.3176	0.3045	0.3046	0.3042
0.3211	0.3193	0.3141	0.3035	0.3304	0.3124	0.3259	0.3205	0.3264	0.3092	0.3061	0.3093
0.3042	0.3115	0.3072	0.3089	0.3075	0.3036	0.3228	0.3083	0.3265	0.2904	0.2941	0.3071
0.3229	0.3191	0.3189	0.3083	0.3182	0.3166	0.3298	0.3098	0.3135	0.2912	0.2946	0.2967
0.3271	0.3166	0.3175	0.3125	0.3251	0.3186	0.3205	0.3083	0.3257	0.3169	0.3048	0.3009
0.3183	0.3503	0.3355	0.3434	0.3538	0.336	0.3516	0.3552	0.3596	0.3277	0.3344	0.3145

Old_3	Old_3	FluoOptima	10/17/2013 12:54:01
0.3099	0.3288	0.3105	0.3302	0.3083	0.3271	0.3091	0.3293	0.3323	0.3366	0.3186	0.3197
0.322	0.3376	0.3294	0.3249	0.3426	0.3255	0.3321	0.3269	0.3404	0.3233	0.3269	0.3195
0.3144	0.3136	0.3106	0.3109	0.3138	0.313	0.319	0.3122	0.3233	0.3034	0.31	0.3068
0.3159	0.3197	0.3145	0.3076	0.3261	0.303	0.3282	0.3182	0.325	0.3142	0.3213	0.3053
0.3026	0.3087	0.3037	0.3024	0.3077	0.3023	0.3275	0.3098	0.3256	0.2966	0.3026	0.3056
0.3051	0.3172	0.3138	0.3031	0.317	0.3168	0.3293	0.3094	0.3263	0.3055	0.3032	0.3002
0.3184	0.3187	0.316	0.3087	0.3314	0.3187	0.3339	0.3053	0.3308	0.3206	0.317	0.3072
0.3124	0.3374	0.3384	0.3469	0.3556	0.3477	0.3524	0.361	0.3661	0.3536	0.3354	0.3187

Old_4	Old_4	FluoOptima	10/17/2013 13:03:27
0.3137	0.3359	0.3147	0.3349	0.3174	0.3309	0.333	0.3118	0.3335	0.3319	0.3256	0.3192
0.3335	0.3241	0.3292	0.3265	0.343	0.3305	0.3342	0.3235	0.3421	0.3209	0.3223	0.3142
0.321	0.3178	0.3184	0.315	0.3253	0.3119	0.319	0.3095	0.3285	0.3145	0.3174	0.3051
0.3221	0.3248	0.315	0.3082	0.3341	0.3134	0.3275	0.3219	0.3341	0.3044	0.3186	0.3137
0.3154	0.3099	0.316	0.3089	0.3143	0.3149	0.3178	0.3108	0.4062	0.2986	0.2945	0.3117
0.3261	0.3245	0.327	0.3146	0.3325	0.3212	0.3291	0.3084	0.3341	0.309	0.3127	0.3085
0.3294	0.3283	0.3258	0.312	0.3316	0.3281	0.3359	0.3197	0.3312	0.3139	0.3161	0.311
0.3354	0.3592	0.3432	0.3518	0.3629	0.3583	0.3426	0.3609	0.3406	0.3516	0.3345	0.3257

Old_5	Old_5	FluoOptima	10/17/2013 13:12:54
0.3143	0.3469	0.3283	0.3349	0.3192	0.3353	0.324	0.3136	0.3281	0.3338	0.3234	0.3192
0.337	0.3388	0.3266	0.3305	0.339	0.3195	0.3363	0.3234	0.3413	0.3271	0.3263	0.3133
0.3176	0.3203	0.3161	0.3111	0.3176	0.3075	0.3153	0.3081	0.3272	0.3088	0.3099	0.2986
0.3142	0.3215	0.313	0.3008	0.3226	0.3065	0.3214	0.3164	0.3298	0.3132	0.3159	0.3026
0.3055	0.311	0.3136	0.3028	0.3102	0.302	0.3233	0.301	0.3151	0.304	0.3067	0.3015
0.3153	0.3184	0.3083	0.3096	0.3257	0.3197	0.3253	0.3162	0.319	0.3124	0.3115	0.309
0.3172	0.322	0.3164	0.3098	0.3299	0.3179	0.3331	0.3157	0.3286	0.3231	0.3149	0.308
0.3171	0.3465	0.3377	0.3452	0.3479	0.3502	0.3504	0.352	0.3612	0.3369	0.3322	0.3149

Old_6	Old_6	FluoOptima	10/17/2013 13:22:23
0.3141	0.3369	0.33	0.3374	0.3141	0.3354	0.3298	0.3113	0.3365	0.3332	0.3222	0.3208
0.3248	0.3338	0.3307	0.3272	0.339	0.3306	0.3345	0.324	0.3409	0.3289	0.3254	0.3121
0.3146	0.3175	0.3175	0.3124	0.3249	0.3107	0.3227	0.3057	0.3292	0.3117	0.3115	0.3017
0.3152	0.3208	0.3189	0.3012	0.3243	0.3052	0.3247	0.3195	0.3303	0.309	0.3208	0.3024
0.3057	0.3129	0.3152	0.3088	0.3192	0.3099	0.3226	0.3101	0.322	0.3013	0.3002	0.3005
0.3172	0.3241	0.322	0.3132	0.3147	0.3186	0.329	0.3097	0.3299	0.3071	0.3115	0.3014
0.3199	0.33	0.3311	0.3186	0.3305	0.3236	0.3344	0.3135	0.331	0.3159	0.3214	0.3007
0.3223	0.3454	0.3367	0.3434	0.3507	0.3496	0.3412	0.3485	0.3492	0.3327	0.3233	0.3132

Old_7	Old_7	FluoOptima	10/17/2013 13:31:52
0.3116	0.3479	0.332	0.3357	0.3193	0.3308	0.3291	0.3297	0.3306	0.3358	0.3277	0.3258
0.3272	0.337	0.3649	0.3281	0.3946	0.5512	0.3388	0.3256	0.3517	0.328	0.3285	0.3195
0.3094	0.3145	0.566	0.3101	0.4108	0.3129	0.3182	0.3106	0.3274	0.3111	0.3132	0.3023
0.312	0.3119	0.3198	0.3009	0.3551	0.3026	0.3356	0.3144	0.3275	0.3098	0.3107	0.3022
0.3039	0.3044	0.3091	0.2984	0.3083	0.3046	0.3198	0.3015	0.3184	0.2958	0.3078	0.2982
0.3137	0.3137	0.3131	0.3054	0.3238	0.3093	0.3209	0.3094	0.3235	0.3038	0.3081	0.2986
0.3118	0.3203	0.3147	0.3078	0.3207	0.3177	0.322	0.3082	0.3258	0.3152	0.3125	0.2982
0.3101	0.3312	0.3231	0.3287	0.3318	0.3318	0.3275	0.3387	0.3319	0.3247	0.3117	0.3103

Old_8	Old_8	FluoOptima	10/17/2013 13:41:21
0.3032	0.3322	0.3118	0.3292	0.3104	0.3269	0.3262	0.3179	0.3387	0.3251	0.3155	0.3225
0.3323	0.4743	0.3298	0.4224	0.5677	0.8323	0.3404	0.3263	0.3474	0.3251	0.3287	0.3176
0.3221	0.3141	0.3186	1.077	0.9012	0.4038	0.3141	0.3088	0.3198	0.3085	0.3019	0.3053
0.3123	0.3251	0.3212	0.3041	0.461	0.3776	0.9379	0.3185	0.3317	0.3108	0.3116	0.3056
0.315	0.3304	0.3111	0.3415	0.3113	0.3422	0.4244	0.3236	0.325	0.3003	0.293	0.3022
0.3138	0.321	0.314	0.3064	0.3466	0.3191	0.3288	0.3064	0.3314	0.3078	0.3006	0.3027
0.3193	0.3206	0.3227	0.3177	0.3285	0.3179	0.335	0.3088	0.3274	0.3196	0.3011	0.3016
0.3248	0.3405	0.3268	0.3395	0.3461	0.3444	0.3408	0.3352	0.3404	0.3316	0.3176	0.3166

Old_9	Old_9	FluoOptima	10/17/2013 13:50:49
0.3072	0.3413	0.3338	0.333	0.3127	0.3088	0.3234	0.3247	0.3282	0.3302	0.3243	0.3276
0.3247	0.3391	0.3317	0.3294	0.3429	0.3261	0.3418	0.328	0.3415	0.3203	0.3267	0.3236
0.3186	0.3189	0.3223	0.3135	0.3297	0.3126	0.3204	0.3093	0.3087	0.3122	0.3014	0.298
0.3118	0.3181	0.3121	0.3025	0.3247	0.3063	0.3264	0.3222	0.3349	0.3136	0.3087	0.3123
0.3035	0.3067	0.3047	0.3025	0.3116	0.3079	0.3238	0.3076	0.325	0.3043	0.3081	0.3108
0.3093	0.315	0.3146	0.3083	0.3273	0.3169	0.3269	0.3154	0.3245	0.3136	0.3118	0.298
0.3102	0.321	0.3185	0.3127	0.3324	0.321	0.3276	0.3187	0.3337	0.3202	0.3148	0.2996
0.3126	0.3386	0.3318	0.3392	0.3388	0.3422	0.3421	0.3528	0.3482	0.3395	0.3193	0.3109

Old_10	Old_10	FluoOptima	10/17/2013 14:00:20
0.3124	0.3342	0.3224	0.3309	0.3029	0.3213	0.3237	0.3304	0.3235	0.3326	0.3244	0.3229
0.3312	0.3367	0.4203	0.3305	0.3798	0.4251	0.3377	0.3275	0.3386	0.3359	0.3277	0.3139
0.3083	0.32	0.3228	0.8244	0.3288	0.4744	0.3242	0.3126	0.3306	0.3033	0.3138	0.3006
0.3172	0.307	0.3241	0.4401	0.4181	0.4633	0.4366	0.3169	0.3346	0.3134	0.3142	0.3143
0.3108	0.3122	0.3072	0.2987	0.3556	0.3439	0.3237	0.2872	0.3178	0.3117	0.2931	0.3125
0.3098	0.3267	0.3256	0.3071	0.321	0.448	0.5081	0.3047	0.3219	0.3055	0.3111	0.3083
0.323	0.3262	0.3293	0.3178	0.332	0.3263	0.3324	0.3182	0.3331	0.3127	0.311	0.2981
0.3203	0.3473	0.3389	0.3479	0.3404	0.3375	0.3382	0.3448	0.3578	0.3289	0.3184	0.3153

Old_11	Old_11	FluoOptima	10/17/2013 14:09:56
0.3085	0.3437	0.3155	0.313	0.3049	0.3108	0.3196	0.3293	0.3244	0.3297	0.3262	0.3271
0.3316	0.3394	0.3323	0.3295	0.3414	0.3216	0.3409	0.3313	0.3451	0.3285	0.3311	0.3252
0.3177	0.3189	0.3204	0.3074	0.3202	0.3249	0.3842	0.3084	0.3269	0.3114	0.3139	0.3117
0.3091	0.3208	0.3175	0.2975	1.1341	0.6929	0.4534	0.321	0.3334	0.3176	0.3175	0.3136
0.3095	0.3043	0.3128	0.3009	0.3232	0.3082	0.328	0.3011	0.3248	0.3094	0.3036	0.3148
0.3172	0.3087	0.306	0.2995	0.3443	0.4639	0.4389	0.315	0.3334	0.3168	0.3137	0.3143
0.3163	0.3213	0.3158	0.3074	0.3304	0.3193	0.3308	0.313	0.3286	0.3065	0.3167	0.306
0.3153	0.3433	0.3421	0.3474	0.3516	0.3446	0.347	0.3594	0.3592	0.3452	0.3188	0.3102

Old_12	Old_12	FluoOptima	10/17/2013 14:19:28
0.3081	0.3306	0.3116	0.311	0.3196	0.3257	0.3211	0.3218	0.3205	0.3302	0.3157	0.3204
0.3238	0.3378	0.3366	0.3279	0.3341	0.3271	0.3301	0.323	0.3414	0.3266	0.3241	0.3095
0.3121	0.319	0.3271	0.3162	0.3314	0.3096	0.3175	0.3078	0.324	0.3095	0.3082	0.2972
0.3112	0.3191	0.3265	0.3066	0.3299	0.3131	0.3221	0.3215	0.3267	0.3061	0.3118	0.3007
0.3092	0.3117	0.3153	0.3143	0.3123	0.3118	0.3213	0.308	0.3197	0.3013	0.2991	0.2979
0.3121	0.3262	0.3256	0.3109	0.3288	0.3199	0.3249	0.3124	0.3232	0.3117	0.307	0.2994
0.3184	0.3248	0.3241	0.3164	0.3312	0.3216	0.3318	0.3123	0.324	0.3182	0.3094	0.3013
0.3213	0.3547	0.3404	0.3509	0.3575	0.3521	0.3444	0.3518	0.3484	0.3294	0.3172	0.3153

Old_13	Old_13	FluoOptima	10/17/2013 14:28:59
0.3102	0.3408	0.3248	0.3258	0.3185	0.3281	0.3184	0.3258	0.3306	0.328	0.3233	0.3281
0.3226	0.4933	0.3226	0.3262	0.3381	0.3208	0.6075	0.655	0.4464	0.6081	0.3259	0.315
0.3118	0.3179	0.3171	0.3057	0.319	0.4053	0.3143	1.4187	1.2043	0.304	0.3086	0.2974
0.3053	0.3146	0.3181	0.3357	0.5909	0.3526	0.3184	0.3109	0.3258	0.5971	0.3137	0.2987
0.303	0.3022	0.3052	0.3166	0.9302	0.4484	0.5118	0.2974	0.3198	0.3582	0.3009	0.2954
0.3097	0.3129	0.3108	0.6554	0.3257	0.315	0.3676	0.3074	0.6298	0.3	0.3074	0.2979
0.31	0.3148	0.3145	0.299	0.323	0.3208	0.3805	0.3467	0.6602	0.3103	0.311	0.2976
0.3085	0.3294	0.3183	0.3246	0.3291	0.3301	0.3245	0.3313	0.3298	0.3213	0.3094	0.3126

Old_14	Old_14	FluoOptima	10/17/2013 14:38:32
0.3108	0.3195	0.3293	0.3306	0.3056	0.3278	0.3083	0.3099	0.3129	0.3202	0.3172	0.3212
0.3201	0.3276	0.328	0.3214	0.3291	0.3937	0.3346	0.3252	0.342	0.3271	0.3225	0.3095
0.3219	0.3192	0.3222	0.3059	0.3213	0.3127	0.3169	0.3102	0.3285	0.3051	0.3062	0.2971
0.3195	0.3191	0.3173	0.3029	0.3259	0.3074	0.3289	0.314	0.3258	0.3061	0.2982	0.2957
0.3099	0.311	0.3162	0.3044	0.3092	0.3248	0.3229	0.3053	0.3195	0.2988	0.3	0.2926
0.3166	0.32	0.3187	0.3093	0.3265	0.313	0.324	0.3079	0.3271	0.3044	0.3043	0.2942
0.3099	0.318	0.3232	0.3118	0.3239	0.3193	0.3318	0.3098	0.325	0.31	0.3088	0.2939
0.3219	0.3411	0.3209	0.3288	0.3412	0.3394	0.331	0.3381	0.3344	0.3282	0.3144	0.317

Old_15	Old_15	FluoOptima	10/17/2013 14:48:06
0.3078	0.3294	0.3101	0.3085	0.3154	0.31	0.3078	0.315	0.3198	0.323	0.3305	0.3331
0.3267	0.3426	0.3369	0.3273	0.3488	0.3346	0.3466	0.3359	0.3495	0.3403	0.323	0.3212
0.3082	0.3231	0.3728	0.355	0.3332	0.3247	0.3245	0.3198	0.332	0.304	0.3101	0.303
0.3054	0.3215	0.3249	0.3065	0.345	0.3159	0.3285	0.3222	0.3339	0.3155	0.3138	0.3127
0.3017	0.3118	0.3122	0.3048	0.3131	0.3197	0.3372	0.3148	0.3307	0.3014	0.3061	0.3094
0.3136	0.3212	0.3196	0.3095	0.3269	0.3243	0.3324	0.328	0.3415	0.3073	0.3103	0.3074
0.3128	0.325	0.317	0.3135	0.3274	0.3297	0.3362	0.3304	0.3281	0.3241	0.314	0.31
0.3158	0.3385	0.3284	0.3392	0.3472	0.345	0.34	0.35	0.3479	0.3326	0.323	0.3215

Old_16	Old_16	FluoOptima	10/17/2013 14:57:37
0.3169	0.3446	0.3321	0.3305	0.3239	0.3269	0.3204	0.3278	0.32	0.3128	0.3227	0.327
0.3306	0.3378	0.3291	0.3256	0.3455	0.328	0.3308	0.3263	0.339	0.327	0.3311	0.3183
0.3222	0.3257	0.3232	0.3058	0.3208	0.3123	0.3234	0.3119	0.3299	0.3137	0.3123	0.3076
0.3181	0.3203	0.3121	0.3041	0.3298	0.3135	0.3192	0.3196	0.3157	0.3082	0.32	0.3194
0.313	0.3138	0.3135	0.3058	0.3147	0.3135	0.3235	0.3114	0.3267	0.3055	0.308	0.3167
0.3209	0.3266	0.3244	0.3145	0.3324	0.3182	0.3268	0.3164	0.3293	0.3117	0.3122	0.3137
0.3184	0.3251	0.3142	0.3192	0.3332	0.3216	0.3345	0.3162	0.3269	0.3203	0.3154	0.3133
0.3223	0.3495	0.3357	0.3444	0.3528	0.3501	0.3491	0.3576	0.3505	0.3246	0.3207	0.3199

Old_17	Old_17	FluoOptima	10/17/2013 15:07:10
0.3201	0.3479	0.3381	0.34	0.3239	0.3377	0.3332	0.3177	0.3373	0.335	0.3295	0.3299
0.3378	0.3423	0.3338	0.3267	0.3454	0.3236	0.3417	0.3269	0.3446	0.3323	0.3231	0.3292
0.318	0.3234	0.3225	0.3159	0.3213	0.316	0.3242	0.3112	0.3328	0.3096	0.3146	0.3142
0.3179	0.3217	0.3255	0.305	0.327	0.309	0.3288	0.3184	0.3343	0.3134	0.3193	0.3183
0.3116	0.3108	0.31	0.305	0.3149	0.3101	0.3271	0.3106	0.3332	0.3096	0.3047	0.3154
0.3155	0.3177	0.3188	0.3091	0.3263	0.3194	0.3286	0.3165	0.3315	0.3174	0.3174	0.3167
0.3164	0.3249	0.3214	0.3149	0.3339	0.3226	0.3332	0.3205	0.3342	0.3308	0.3131	0.3108
0.316	0.3382	0.3334	0.3458	0.3508	0.3438	0.347	0.3598	0.3587	0.334	0.3319	0.3203

Old_18	Old_18	FluoOptima	10/17/2013 15:16:47
0.3148	0.3402	0.3197	0.334	0.3159	0.3218	0.3253	0.3192	0.3312	0.3222	0.3215	0.328
0.3265	0.3382	0.3276	0.3735	0.3389	0.3271	0.3261	0.3248	0.3273	0.323	0.3251	0.3147
0.3176	0.325	0.3242	0.2993	0.3233	0.3172	0.319	0.3114	0.3344	0.3085	0.3136	0.3021
0.3145	0.3216	0.3239	0.3046	0.3239	0.3123	0.327	0.312	0.333	0.317	0.3167	0.3059
0.305	0.3224	0.3168	0.3056	0.3189	0.3105	0.3256	0.3081	0.3317	0.3057	0.3083	0.3049
0.3208	0.3208	0.3295	0.3139	0.3331	0.3047	0.3244	0.3156	0.3304	0.3124	0.308	0.3036
0.3259	0.3304	0.3285	0.3179	0.3361	0.3262	0.3316	0.3153	0.3317	0.3203	0.3054	0.3036
0.3237	0.3586	0.3477	0.348	0.3529	0.3514	0.3448	0.3497	0.3454	0.3364	0.3274	0.3219

Old_19	Old_19	FluoOptima	10/17/2013 15:26:22
0.3186	0.3517	0.3374	0.3355	0.3317	0.3403	0.337	0.3254	0.3446	0.3422	0.3331	0.33
0.3264	0.4642	0.4607	0.4086	0.3914	0.34	0.3445	0.3371	0.3515	0.342	0.3279	0.3215
0.3206	0.3268	0.3582	0.3525	0.3346	0.3258	0.3333	0.3215	0.3378	0.32	0.3136	0.3068
0.3213	0.3247	0.375	0.3356	0.3493	0.4006	0.7404	0.3305	0.3391	0.3246	0.318	0.307
0.3128	0.3445	0.3532	0.3339	0.4322	0.3964	0.3326	0.3152	0.3382	0.3057	0.3025	0.3046
0.3196	0.3499	0.3563	0.3383	0.345	0.4216	0.3352	0.4175	0.3405	0.3113	0.3066	0.3049
0.3237	0.326	0.3184	0.3235	0.3416	0.3308	0.3331	0.3142	0.327	0.3172	0.3106	0.3018
0.3254	0.346	0.3305	0.3396	0.3462	0.3494	0.3458	0.3476	0.3453	0.3371	0.3235	0.3205

Old_20	Old_20	FluoOptima	10/17/2013 15:35:51
0.3049	0.3361	0.328	0.3226	0.3171	0.3179	0.3216	0.3162	0.3247	0.325	0.3184	0.3163
0.3226	0.4171	0.3227	0.5531	0.3248	0.3164	0.3262	0.318	0.3426	0.3195	0.3191	0.3139
0.3095	0.3622	0.3919	0.339	0.3175	0.3137	0.313	0.3009	0.3231	0.3036	0.302	0.3023
0.3054	0.3408	0.3282	0.3244	0.3442	0.3018	0.3175	0.3144	0.3179	0.3052	0.307	0.3013
0.3039	0.3141	0.319	0.309	0.3196	0.3013	0.3161	0.2956	0.3157	0.2954	0.293	0.3014
0.3081	0.3151	0.3161	0.3124	0.3268	0.3191	0.3154	0.3032	0.3209	0.3006	0.3007	0.2969
0.3125	0.2942	0.311	0.3049	0.319	0.3164	0.3203	0.3064	0.321	0.3066	0.2985	0.3018
0.3095	0.3346	0.3288	0.3295	0.343	0.324	0.3407	0.3216	0.3284	0.3203	0.3189	0.3207

Old_21	Old_21	FluoOptima	10/17/2013 15:45:38
0.3176	0.3464	0.3373	0.3316	0.3308	0.3213	0.3158	0.3311	0.3405	0.343	0.3349	0.3366
0.3347	0.3391	0.3359	0.3327	0.347	0.3269	0.3329	0.3254	0.3462	0.3343	0.3328	0.3318
0.3214	0.3266	0.3223	0.315	0.3195	0.3158	0.3263	0.307	0.3258	0.3153	0.3184	0.3127
0.3208	0.3263	0.3438	0.307	0.3315	0.313	0.3255	0.3226	0.3362	0.3156	0.3168	0.3089
0.3059	0.3175	0.3187	0.3025	0.3165	0.3037	0.3261	0.302	0.3301	0.309	0.3048	0.3091
0.3196	0.328	0.327	0.3141	0.3225	0.3193	0.3251	0.3107	0.3287	0.3074	0.3077	0.3032
0.3233	0.3277	0.3124	0.3117	0.3315	0.3232	0.3312	0.3133	0.331	0.3174	0.3093	0.3125
0.3302	0.3527	0.3461	0.3443	0.3542	0.3515	0.3442	0.3491	0.3522	0.3335	0.3218	0.3282

Old_22	Old_22	FluoOptima	10/17/2013 15:55:06
0.3141	0.3383	0.3215	0.3168	0.3337	0.3171	0.34	0.3101	0.319	0.32	0.312	0.3215
0.3285	0.6135	0.9276	0.4739	0.6429	0.6819	0.6006	0.7633	0.6982	0.7245	0.3317	0.3202
0.3143	0.3186	0.3178	0.4045	0.5002	0.6581	0.6201	0.6323	0.8292	0.6478	0.3105	0.3055
0.3173	0.3174	0.3161	0.3453	0.89	0.4977	0.8018	0.5708	0.7627	0.5828	0.3175	0.3182
0.3096	0.3101	0.3133	0.3098	0.8499	0.9297	0.6584	0.7901	0.7267	0.6593	0.298	0.3109
0.3121	0.4166	0.4533	0.3705	0.399	0.9	0.6807	0.578	0.55	0.673	0.3045	0.3097
0.3246	0.3231	0.4051	0.3067	0.6393	0.4899	0.4492	0.4617	0.3305	0.3221	0.3072	0.2979
0.321	0.3485	0.3379	0.3297	0.3563	0.3381	0.3515	0.3582	0.3572	0.3377	0.3342	0.3253

Old_23	Old_23	FluoOptima	10/17/2013 16:04:33
0.3153	0.339	0.3375	0.3412	0.3327	0.3169	0.3362	0.316	0.3362	0.3398	0.329	0.3292
0.331	0.4164	0.6193	0.6423	0.6716	0.7453	0.6538	0.6095	0.7071	0.673	0.334	0.3283
0.3194	0.3281	0.6144	0.6428	0.7965	0.5122	0.6391	0.6621	0.6055	0.3136	0.3103	0.3162
0.3152	0.3253	0.3228	0.5284	0.692	0.9212	0.563	0.9077	0.6989	0.6147	0.3174	0.3162
0.3089	0.316	0.3165	0.3029	0.6935	0.6265	0.5025	0.6271	0.7096	0.4908	0.3091	0.3111
0.3141	0.3261	0.6042	0.4385	0.6149	0.6445	0.6759	0.6713	0.6853	0.3123	0.3123	0.3118
0.3248	0.4274	0.4321	0.4547	0.4679	0.6679	0.4701	0.3145	0.3253	0.3126	0.3128	0.3102
0.3235	0.3494	0.3417	0.3469	0.3545	0.3519	0.3372	0.3575	0.354	0.3483	0.3353	0.3197

Old_24	Old_24	FluoOptima	10/17/2013 16:13:59
0.3102	0.3402	0.3314	0.3313	0.3223	0.3333	0.3283	0.3249	0.3336	0.3195	0.3221	0.3193
0.3221	0.3299	0.3261	0.3359	0.3351	0.3196	0.3355	0.3226	0.3424	0.3264	0.3284	0.3134
0.3113	0.319	0.3145	0.3057	0.5669	0.3077	0.3179	0.3059	0.3247	0.3113	0.3119	0.2999
0.3095	0.3126	0.3179	0.3114	0.329	0.3111	0.3248	0.3142	0.3292	0.3097	0.3174	0.3081
0.3052	0.3123	0.3108	0.3024	0.3094	0.3065	0.3206	0.3038	0.3223	0.2998	0.3006	0.2994
0.3121	0.3212	0.3229	0.3076	0.3222	0.3122	0.3192	0.3129	0.3227	0.3047	0.3072	0.3011
0.316	0.324	0.3204	0.3144	0.3267	0.3212	0.3228	0.3064	0.3319	0.3175	0.3071	0.2974
0.3156	0.3438	0.3386	0.3376	0.3583	0.3432	0.3363	0.3305	0.3333	0.3301	0.315	0.3149

Old_25	Old_25	FluoOptima	10/17/2013 16:23:28
0.3146	0.3475	0.3259	0.3328	0.3299	0.3351	0.3289	0.3325	0.3356	0.3331	0.3254	0.3211
0.3225	0.3371	0.3264	0.3273	0.3434	0.3246	0.3341	0.3281	0.3384	0.3323	0.3338	0.3114
0.3102	0.321	0.3158	0.3106	0.3227	0.3111	0.3206	0.309	0.3277	0.3071	0.3123	0.2995
0.3129	0.32	0.3196	0.3064	0.3282	0.3107	0.3261	0.3218	0.3276	0.31	0.3124	0.2977
0.3068	0.3144	0.3129	0.3025	0.3126	0.3124	0.3174	0.305	0.3288	0.3024	0.3055	0.2937
0.3127	0.3203	0.3189	0.3074	0.3237	0.3172	0.3202	0.3112	0.3204	0.3123	0.3119	0.2996
0.3191	0.3236	0.317	0.3106	0.3296	0.3206	0.3255	0.3096	0.3292	0.3077	0.3128	0.2949
0.3189	0.344	0.3329	0.3311	0.3447	0.3397	0.3366	0.3294	0.3333	0.3117	0.3171	0.3095

Old_26	Old_26	FluoOptima	10/17/2013 16:32:58
0.3075	0.3349	0.3228	0.3227	0.3167	0.3303	0.3216	0.3186	0.3297	0.325	0.3169	0.3174
0.3176	0.3275	0.3227	0.3187	0.3302	0.3191	0.3265	0.325	0.3388	0.3236	0.3259	0.3078
0.3069	0.3116	0.3121	0.2961	0.3169	0.311	0.3146	0.3102	0.3245	0.3091	0.3108	0.2957
0.3033	0.3088	0.3124	0.2988	0.3173	0.3087	0.319	0.3157	0.3271	0.3109	0.3139	0.2973
0.3001	0.3017	0.3055	0.2973	0.3088	0.3052	0.3166	0.3004	0.3202	0.3015	0.2986	0.2951
0.3083	0.3138	0.3182	0.3005	0.3205	0.308	0.3205	0.3066	0.327	0.2949	0.3041	0.2947
0.3133	0.3167	0.3116	0.3011	0.3246	0.3163	0.3263	0.3105	0.3321	0.3163	0.3077	0.2947
0.3107	0.3295	0.3229	0.3233	0.3412	0.3324	0.3326	0.3349	0.3346	0.3212	0.3114	0.3119

Old_27	Old_27	FluoOptima	10/17/2013 16:42:29
0.3102	0.3432	0.3301	0.3316	0.3295	0.3359	0.3282	0.326	0.3364	0.3323	0.3248	0.3223
0.3237	0.3408	0.3301	0.3202	0.3405	0.3306	0.3272	0.3227	0.3372	0.3259	0.3238	0.3126
0.3123	0.3191	0.3206	0.3133	0.3162	0.3118	0.3151	0.3139	0.3289	0.3113	0.306	0.2999
0.3095	0.32	0.3185	0.3055	0.329	0.3085	0.3198	0.3213	0.3219	0.3188	0.3128	0.2983
0.3068	0.3149	0.3127	0.3002	0.3155	0.3101	0.3167	0.306	0.3227	0.3003	0.2933	0.2962
0.3126	0.3201	0.3222	0.3071	0.3185	0.3135	0.3216	0.3101	0.3273	0.3083	0.3027	0.3018
0.3147	0.3214	0.3161	0.3048	0.3236	0.3143	0.316	0.3076	0.3244	0.3146	0.3098	0.2987
0.3163	0.3383	0.3305	0.3321	0.3391	0.3363	0.3333	0.3441	0.3392	0.3215	0.317	0.311

Old_28	Old_28	FluoOptima	10/17/2013 16:51:59
0.3043	0.3317	0.3215	0.3213	0.3198	0.3316	0.3247	0.3188	0.3257	0.3276	0.3143	0.3123
0.3174	0.3292	0.3254	0.3142	0.3358	0.323	0.3314	0.3205	0.3316	0.3253	0.3226	0.3035
0.3013	0.3128	0.3163	0.3015	0.3161	0.309	0.3204	0.305	0.319	0.3063	0.3064	0.2884
0.305	0.3136	0.3152	0.2971	0.3196	0.3048	0.3198	0.3124	0.3244	0.3067	0.3131	0.3007
0.2977	0.2994	0.3043	0.2939	0.3046	0.3034	0.317	0.3047	0.3226	0.2966	0.288	0.2911
0.3053	0.3131	0.3121	0.3004	0.3119	0.3076	0.3132	0.3101	0.3207	0.3092	0.3028	0.2884
0.3128	0.3187	0.3144	0.2997	0.3237	0.3161	0.3228	0.3156	0.3258	0.3203	0.3069	0.2917
0.3057	0.3295	0.3244	0.3248	0.3372	0.333	0.3331	0.3285	0.329	0.3265	0.3097	0.3079

